type,timestamp,positions,velocities,torques
STATE_MOTOR,3.264984115958214,"[0.006902913545485385, 0.006135923151542565, 0.5637379395479731, -0.0015339807878856412, -0.007669903939428206, 0.5029546946815495]","[0.0, 0.0, 0.0, 0.0, 0.0, 0.0]","[0.0, 0.022814, 0.410652, 0.0, 0.022814, 0.0]"
STATE_MOTOR,20107.281976379454,"[0.006902913545485385, 0.006135923151542565, 0.5637379395479731, -0.0015339807878856412, -0.007669903939428206, 0.5029546946815495]","[0.0, 0.0, 0.0, 0.0, 0.0, 0.0]","[0.022814, 0.0, 0.296582, 0.0, 0.0, 0.0]"
STATE_MOTOR,40168.86500176042,"[0.006902913545485385, 0.006135923151542565, 0.5637379395479731, -0.0015339807878856412, -0.007669903939428206, 0.5029546946815495]","[0.0, 0.0, 0.0, 0.0, 0.0, 0.0]","[0.022814, 0.0, 0.365024, 0.0, 0.022814, 0.0]"
STATE_MOTOR,60240.7839614898,"[0.006902913545485385, 0.006135923151542565, 0.5637379395479731, -0.0015339807878856412, -0.007669903939428206, 0.5029546946815495]","[0.0, 0.0, 0.0, 0.0, 0.0, 0.0]","[0.022814, 0.0, 0.319396, 0.0, 0.022814, 0.022814]"
STATE_MOTOR,80277.64002326876,"[0.006902913545485385, 0.006135923151542565, 0.5637379395479731, -0.0015339807878856412, -0.007669903939428206, 0.5029546946815495]","[0.0, 0.0, 0.0, 0.0, 0.0, 0.0]","[0.022814, 0.022814, 0.433466, 0.0, 0.0, 0.022814]"
STATE_MOTOR,100335.15701070428,"[0.006902913545485385, 0.006135923151542565, 0.5637379395479731, -0.0015339807878856412, -0.007669903939428206, 0.5029546946815495]","[0.0, 0.0, 0.0, 0.0, 0.0, 0.0]","[0.022814, 0.0, 0.296582, 0.0, 0.022814, 0.0]"
STATE_MOTOR,120399.50501639396,"[0.006902913545485385, 0.006135923151542565, 0.5637379395479731, -0.0015339807878856412, -0.007669903939428206, 0.5029546946815495]","[0.0, 0.0, 0.0, 0.0, 0.0, 0.0]","[0.022814, 0.0, 0.319396, 0.0, 0.022814, 0.0]"
STATE_MOTOR,140458.97498726845,"[0.006902913545485385, 0.006135923151542565, 0.5637379395479731, -0.0015339807878856412, -0.007669903939428206, 0.5029546946815495]","[0.0, 0.0, 0.0, 0.0, 0.0, 0.0]","[0.0, 0.022814, 0.365024, 0.0, 0.022814, 0.0]"
STATE_MOTOR,160526.78797859699,"[0.006902913545485385, 0.006135923151542565, 0.5637379395479731, -0.0015339807878856412, -0.007669903939428206, 0.5029546946815495]","[0.0, 0.0, 0.0, 0.0, 0.0, 0.0]","[0.0, 0.0, 0.319396, 0.0, 0.022814, 0.0]"
STATE_MOTOR,180588.08101341128,"[0.006902913545485385, 0.006135923151542565, 0.5637379395479731, -0.0015339807878856412, -0.007669903939428206, 0.5029546946815495]","[0.0, 0.0, 0.0, 0.0, 0.0, 0.0]","[0.0, 0.022814, 0.319396, 0.0, 0.0, 0.022814]"
STATE_MOTOR,200648.55192322284,"[0.006902913545485385, 0.006135923151542565, 0.5637379395479731, -0.0015339807878856412, -0.007669903939428206, 0.5029546946815495]","[0.0, 0.0, 0.0, 0.0, 0.0, 0.0]","[0.022814, 0.0, 0.433466, 0.0, 0.022814, 0.022814]"
STATE_MOTOR,220706.90093096346,"[0.006902913545485385, 0.006135923151542565, 0.5637379395479731, -0.0015339807878856412, -0.007669903939428206, 0.5029546946815495]","[0.0, 0.0, 0.0, 0.0, 0.0, 0.0]","[0.022814, 0.0, 0.319396, 0.0, 0.0, 0.0]"
STATE_MOTOR,240764.2479520291,"[0.006902913545485385, 0.006135923151542565, 0.5637379395479731, -0.0015339807878856412, -0.007669903939428206, 0.5029546946815495]","[0.0, 0.0, 0.0, 0.0, 0.0, 0.0]","[0.022814, 0.022814, 0.319396, 0.0, 0.022814, 0.0]"
STATE_MOTOR,260827.53401715308,"[0.006902913545485385, 0.006135923151542565, 0.5637379395479731, -0.0015339807878856412, -0.007669903939428206, 0.5029546946815495]","[0.0, 0.0, 0.0, 0.0, 0.0, 0.0]","[0.0, 0.022814, 0.365024, 0.0, 0.022814, 0.0]"
STATE_MOTOR,280888.4959667921,"[0.006902913545485385, 0.006135923151542565, 0.5637379395479731, -0.0015339807878856412, -0.007669903939428206, 0.5029546946815495]","[0.0, 0.0, 0.0, 0.0, 0.0, 0.0]","[0.022814, 0.022814, 0.296582, 0.0, 0.022814, 0.022814]"
STATE_MOTOR,300950.12998208404,"[0.006902913545485385, 0.006135923151542565, 0.5637379395479731, -0.0015339807878856412, -0.007669903939428206, 0.5029546946815495]","[0.0, 0.0, 0.0, 0.0, 0.0, 0.0]","[0.022814, 0.022814, 0.387838, 0.0, 0.022814, 0.0]"
STATE_MOTOR,321011.30194496363,"[0.006902913545485385, 0.006135923151542565, 0.5637379395479731, -0.0015339807878856412, -0.007669903939428206, 0.5029546946815495]","[0.0, 0.0, 0.0, 0.0, 0.0, 0.0]","[0.0, 0.0, 0.296582, 0.0, 0.022814, 0.022814]"
STATE_MOTOR,341073.97694606334,"[0.006902913545485385, 0.006135923151542565, 0.5637379395479731, -0.0015339807878856412, -0.007669903939428206, 0.5029546946815495]","[0.0, 0.0, 0.0, 0.0, 0.0, 0.0]","[0.022814, 0.0, 0.296582, 0.022814, 0.0, 0.0]"
STATE_MOTOR,361131.2540015206,"[0.006902913545485385, 0.006135923151542565, 0.5637379395479731, -0.0015339807878856412, -0.007669903939428206, 0.5029546946815495]","[0.0, 0.0, 0.0, 0.0, 0.0, 0.0]","[0.022814, 0.0, 0.319396, 0.0, 0.0, 0.022814]"
STATE_MOTOR,381187.8999695182,"[0.006902913545485385, 0.006135923151542565, 0.5637379395479731, -0.0015339807878856412, -0.007669903939428206, 0.5029546946815495]","[0.0, 0.0, 0.0, 0.0, 0.0, 0.0]","[0.022814, 0.0, 0.410652, 0.0, 0.022814, 0.0]"
STATE_MOTOR,401244.68598514795,"[0.006902913545485385, 0.006135923151542565, 0.5637379395479731, -0.0015339807878856412, -0.007669903939428206, 0.5029546946815495]","[0.0, 0.0, 0.0, 0.0, 0.0, 0.0]","[0.0, 0.022814, 0.387838, 0.0, 0.022814, 0.022814]"
STATE_MOTOR,421301.0419625789,"[0.006902913545485385, 0.006135923151542565, 0.5637379395479731, -0.0015339807878856412, -0.007669903939428206, 0.5029546946815495]","[0.0, 0.0, 0.0, 0.0, 0.0, 0.0]","[0.022814, 0.022814, 0.34221, 0.0, 0.0, 0.0]"
STATE_MOTOR,441362.86596767604,"[0.006902913545485385, 0.006135923151542565, 0.5637379395479731, -0.0015339807878856412, -0.007669903939428206, 0.5029546946815495]","[0.0, 0.0, 0.0, 0.0, 0.0, 0.0]","[0.022814, 0.022814, 0.433466, 0.0, 0.022814, 0.0]"
STATE_MOTOR,461422.2759846598,"[0.006902913545485385, 0.006135923151542565, 0.5637379395479731, -0.0015339807878856412, -0.007669903939428206, 0.5029546946815495]","[0.0, 0.0, 0.0, 0.0, 0.0, 0.0]","[0.022814, 0.022814, 0.387838, 0.0, 0.022814, 0.0]"
STATE_MOTOR,481483.74899756163,"[0.006902913545485385, 0.006135923151542565, 0.5637379395479731, -0.0015339807878856412, -0.007669903939428206, 0.5029546946815495]","[0.0, 0.0, 0.0, 0.0, 0.0, 0.0]","[0.0, 0.0, 0.296582, 0.0, 0.022814, 0.022814]"
STATE_MOTOR,501543.4389933944,"[0.006902913545485385, 0.006135923151542565, 0.5637379395479731, -0.0015339807878856412, -0.007669903939428206, 0.5029546946815495]","[0.0, 0.0, 0.0, 0.0, 0.0, 0.0]","[0.0, 0.022814, 0.319396, 0.0, 0.022814, 0.022814]"
STATE_MOTOR,521601.0769363493,"[0.006902913545485385, 0.006135923151542565, 0.5637379395479731, -0.0015339807878856412, -0.007669903939428206, 0.5029546946815495]","[0.0, 0.0, 0.0, 0.0, 0.0, 0.0]","[0.022814, 0.0, 0.410652, 0.0, 0.022814, 0.022814]"
STATE_MOTOR,541670.4119415954,"[0.006902913545485385, 0.006135923151542565, 0.5637379395479731, -0.0015339807878856412, -0.007669903939428206, 0.5029546946815495]","[0.0, 0.0, 0.0, 0.0, 0.0, 0.0]","[0.022814, 0.0, 0.387838, 0.0, 0.0, 0.022814]"
STATE_MOTOR,561735.3999987245,"[0.006902913545485385, 0.006135923151542565, 0.5637379395479731, -0.0015339807878856412, -0.007669903939428206, 0.5029546946815495]","[0.0, 0.0, 0.0, 0.0, 0.0, 0.0]","[0.022814, 0.0, 0.296582, 0.0, 0.0, 0.022814]"
STATE_MOTOR,581798.9259958267,"[0.006902913545485385, 0.006135923151542565, 0.5637379395479731, -0.0015339807878856412, -0.007669903939428206, 0.5029546946815495]","[0.0, 0.0, 0.0, 0.0, 0.0, 0.0]","[0.022814, 0.0, 0.387838, 0.0, 0.0, 0.022814]"
STATE_MOTOR,601860.8899321407,"[0.006902913545485385, 0.006135923151542565, 0.5637379395479731, -0.0015339807878856412, -0.007669903939428206, 0.5029546946815495]","[0.0, 0.0, 0.0, 0.0, 0.0, 0.0]","[0.0, 0.0, 0.410652, 0.0, 0.022814, 0.0]"
STATE_MOTOR,621917.1159900725,"[0.006902913545485385, 0.006135923151542565, 0.5637379395479731, -0.0015339807878856412, -0.007669903939428206, 0.5029546946815495]","[0.0, 0.0, 0.0, 0.0, 0.0, 0.0]","[0.022814, 0.0, 0.273768, 0.0, 0.022814, 0.0]"
STATE_MOTOR,641986.8209632114,"[0.006902913545485385, 0.006135923151542565, 0.5637379395479731, -0.0015339807878856412, -0.007669903939428206, 0.5029546946815495]","[0.0, 0.0, 0.0, 0.0, 0.0, 0.0]","[0.022814, 0.022814, 0.387838, 0.0, 0.0, 0.0]"
STATE_MOTOR,662047.8139957413,"[0.006902913545485385, 0.006135923151542565, 0.5637379395479731, -0.0015339807878856412, -0.007669903939428206, 0.5029546946815495]","[0.0, 0.0, 0.0, 0.0, 0.0, 0.0]","[0.022814, 0.0, 0.273768, 0.0, 0.022814, 0.0]"
STATE_MOTOR,682110.5389390141,"[0.006902913545485385, 0.006135923151542565, 0.5637379395479731, -0.0015339807878856412, -0.007669903939428206, 0.5029546946815495]","[0.0, 0.0, 0.0, 0.0, 0.0, 0.0]","[0.0, 0.0, 0.319396, 0.0, 0.022814, 0.0]"
STATE_MOTOR,702170.2689817175,"[0.006902913545485385, 0.006135923151542565, 0.5637379395479731, -0.0015339807878856412, -0.007669903939428206, 0.5029546946815495]","[0.0, 0.0, 0.0, 0.0, 0.0, 0.0]","[0.0, 0.0, 0.410652, 0.0, 0.022814, 0.0]"
STATE_MOTOR,722227.3459192365,"[0.006902913545485385, 0.006135923151542565, 0.5637379395479731, -0.0015339807878856412, -0.007669903939428206, 0.5029546946815495]","[0.0, 0.0, 0.0, 0.0, 0.0, 0.0]","[0.022814, 0.022814, 0.319396, 0.0, 0.0, 0.0]"
STATE_MOTOR,742285.8239151537,"[0.006902913545485385, 0.006135923151542565, 0.5637379395479731, -0.0015339807878856412, -0.007669903939428206, 0.5029546946815495]","[0.0, 0.0, 0.0, 0.0, 0.0, 0.0]","[0.022814, 0.0, 0.433466, 0.0, 0.022814, 0.022814]"
STATE_MOTOR,762344.9639650062,"[0.006902913545485385, 0.006135923151542565, 0.5637379395479731, -0.0015339807878856412, -0.007669903939428206, 0.5029546946815495]","[0.0, 0.0, 0.0, 0.0, 0.0, 0.0]","[0.022814, 0.0, 0.296582, 0.0, 0.022814, 0.0]"
STATE_MOTOR,782404.3339351192,"[0.006902913545485385, 0.006135923151542565, 0.5637379395479731, -0.0015339807878856412, -0.007669903939428206, 0.5029546946815495]","[0.0, 0.0, 0.0, 0.0, 0.0, 0.0]","[0.0, 0.0, 0.296582, 0.0, 0.022814, 0.0]"
STATE_MOTOR,802462.20191475,"[0.006902913545485385, 0.006135923151542565, 0.5637379395479731, -0.0015339807878856412, -0.007669903939428206, 0.5029546946815495]","[0.0, 0.0, 0.0, 0.0, 0.0, 0.0]","[0.0, 0.0, 0.296582, 0.0, 0.022814, 0.022814]"
STATE_MOTOR,822518.9179647714,"[0.006902913545485385, 0.006135923151542565, 0.5637379395479731, -0.0015339807878856412, -0.007669903939428206, 0.5029546946815495]","[0.0, 0.0, 0.0, 0.0, 0.0, 0.0]","[0.0, 0.0, 0.296582, 0.0, 0.0, 0.0]"
STATE_MOTOR,842575.7539225742,"[0.006902913545485385, 0.006135923151542565, 0.5637379395479731, -0.0015339807878856412, -0.007669903939428206, 0.5029546946815495]","[0.0, 0.0, 0.0, 0.0, 0.0, 0.0]","[0.022814, 0.022814, 0.410652, 0.0, 0.022814, 0.022814]"
STATE_MOTOR,862631.4389985055,"[0.006902913545485385, 0.006135923151542565, 0.5637379395479731, -0.0015339807878856412, -0.007669903939428206, 0.5029546946815495]","[0.0, 0.0, 0.0, 0.0, 0.0, 0.0]","[0.022814, 0.0, 0.433466, 0.0, 0.022814, 0.022814]"
STATE_MOTOR,882691.3699740544,"[0.006902913545485385, 0.006135923151542565, 0.5637379395479731, -0.0015339807878856412, -0.007669903939428206, 0.5029546946815495]","[0.0, 0.0, 0.0, 0.0, 0.0, 0.0]","[0.022814, 0.022814, 0.410652, 0.0, 0.0, 0.022814]"
STATE_MOTOR,902748.9370200783,"[0.006902913545485385, 0.006135923151542565, 0.5637379395479731, -0.0015339807878856412, -0.007669903939428206, 0.5029546946815495]","[0.0, 0.0, 0.0, 0.0, 0.0, 0.0]","[0.022814, 0.0, 0.433466, 0.0, 0.022814, 0.022814]"
STATE_MOTOR,922807.2159457952,"[0.006902913545485385, 0.006135923151542565, 0.5637379395479731, -0.0015339807878856412, -0.007669903939428206, 0.5029546946815495]","[0.0, 0.0, 0.0, 0.0, 0.0, 0.0]","[0.022814, 0.0, 0.410652, 0.0, 0.022814, 0.022814]"
STATE_MOTOR,942871.3029483333,"[0.006902913545485385, 0.006135923151542565, 0.5637379395479731, -0.0015339807878856412, -0.007669903939428206, 0.5029546946815495]","[0.0, 0.0, 0.0, 0.0, 0.0, 0.0]","[0.022814, 0.022814, 0.296582, 0.0, 0.022814, 0.022814]"
STATE_MOTOR,962930.2920075133,"[0.006902913545485385, 0.006135923151542565, 0.5637379395479731, -0.0015339807878856412, -0.007669903939428206, 0.5029546946815495]","[0.0, 0.0, 0.0, 0.0, 0.0, 0.0]","[0.022814, 0.0, 0.387838, 0.0, 0.0, 0.022814]"
STATE_MOTOR,982992.295990698,"[0.006902913545485385, 0.006135923151542565, 0.5637379395479731, -0.0015339807878856412, -0.007669903939428206, 0.5029546946815495]","[0.0, 0.0, 0.0, 0.0, 0.0, 0.0]","[0.0, 0.0, 0.410652, 0.0, 0.0, 0.022814]"
STATE_MOTOR,1003058.8569352403,"[0.006902913545485385, 0.006135923151542565, 0.5637379395479731, -0.0015339807878856412, -0.007669903939428206, 0.5029546946815495]","[0.0, 0.0, 0.0, 0.0, 0.0, 0.0]","[0.0, 0.0, 0.433466, 0.0, 0.022814, 0.022814]"
STATE_MOTOR,1023137.615993619,"[0.006902913545485385, 0.006135923151542565, 0.5637379395479731, -0.0015339807878856412, -0.007669903939428206, 0.5029546946815495]","[0.0, 0.0, 0.0, 0.0, 0.0, 0.0]","[0.022814, 0.0, 0.387838, 0.0, 0.022814, 0.022814]"
STATE_MOTOR,1043203.4449186176,"[0.006902913545485385, 0.006135923151542565, 0.5637379395479731, -0.0015339807878856412, -0.007669903939428206, 0.5029546946815495]","[0.0, 0.0, 0.0, 0.0, 0.0, 0.0]","[0.022814, 0.0, 0.296582, 0.0, 0.022814, 0.0]"
STATE_MOTOR,1063263.176009059,"[0.006902913545485385, 0.006135923151542565, 0.5637379395479731, -0.0015339807878856412, -0.007669903939428206, 0.5029546946815495]","[0.0, 0.0, 0.0, 0.0, 0.0, 0.0]","[0.022814, 0.022814, 0.433466, 0.0, 0.022814, 0.0]"
STATE_MOTOR,1083287.5039195642,"[0.006902913545485385, 0.006135923151542565, 0.5637379395479731, -0.0015339807878856412, -0.007669903939428206, 0.5029546946815495]","[0.0, 0.0, 0.0, 0.0, 0.0, 0.0]","[0.022814, 0.0, 0.296582, 0.0, 0.022814, 0.022814]"
STATE_MOTOR,1103344.8409289122,"[0.006902913545485385, 0.006135923151542565, 0.5637379395479731, -0.0015339807878856412, -0.007669903939428206, 0.5029546946815495]","[0.0, 0.0, 0.0, 0.0, 0.0, 0.0]","[0.022814, 0.0, 0.296582, 0.0, 0.022814, 0.0]"
STATE_MOTOR,1123401.5469672158,"[0.006902913545485385, 0.006135923151542565, 0.5637379395479731, -0.0015339807878856412, -0.007669903939428206, 0.5029546946815495]","[0.0, 0.0, 0.0, 0.0, 0.0, 0.0]","[0.022814, 0.0, 0.387838, 0.0, 0.022814, 0.0]"
STATE_MOTOR,1143465.4139447957,"[0.006902913545485385, 0.006135923151542565, 0.5637379395479731, -0.0015339807878856412, -0.007669903939428206, 0.5029546946815495]","[0.0, 0.0, 0.0, 0.0, 0.0, 0.0]","[0.022814, 0.0, 0.319396, 0.0, 0.022814, 0.022814]"
STATE_MOTOR,1163524.0629548207,"[0.006902913545485385, 0.006135923151542565, 0.5637379395479731, -0.0015339807878856412, -0.007669903939428206, 0.5029546946815495]","[0.0, 0.0, 0.0, 0.0, 0.0, 0.0]","[0.022814, 0.022814, 0.34221, 0.0, 0.0, 0.0]"
STATE_MOTOR,1183589.5319236442,"[0.006902913545485385, 0.006135923151542565, 0.5637379395479731, -0.0015339807878856412, -0.007669903939428206, 0.5029546946815495]","[0.0, 0.0, 0.0, 0.0, 0.0, 0.0]","[0.0, 0.0, 0.410652, 0.0, 0.022814, 0.022814]"
STATE_MOTOR,1203654.9909971654,"[0.006902913545485385, 0.006135923151542565, 0.5637379395479731, -0.0015339807878856412, -0.007669903939428206, 0.5029546946815495]","[0.0, 0.0, 0.0, 0.0, 0.0, 0.0]","[0.0, 0.022814, 0.319396, 0.0, 0.022814, 0.022814]"
STATE_MOTOR,1223711.4369636402,"[0.006902913545485385, 0.006135923151542565, 0.5637379395479731, -0.0015339807878856412, -0.007669903939428206, 0.5029546946815495]","[0.0, 0.0, 0.0, 0.0, 0.0, 0.0]","[0.022814, 0.0, 0.296582, 0.0, 0.0, 0.022814]"
STATE_MOTOR,1243776.4949863777,"[0.006902913545485385, 0.006135923151542565, 0.5637379395479731, -0.0015339807878856412, -0.007669903939428206, 0.5029546946815495]","[0.0, 0.0, 0.0, 0.0, 0.0, 0.0]","[0.022814, 0.0, 0.296582, 0.0, 0.022814, 0.0]"
STATE_MOTOR,1263837.867998518,"[0.006902913545485385, 0.006135923151542565, 0.5637379395479731, -0.0015339807878856412, -0.007669903939428206, 0.5029546946815495]","[0.0, 0.0, 0.0, 0.0, 0.0, 0.0]","[0.022814, 0.0, 0.296582, 0.0, 0.022814, 0.0]"
STATE_MOTOR,1283896.7880234122,"[0.006902913545485385, 0.006135923151542565, 0.5637379395479731, -0.0015339807878856412, -0.007669903939428206, 0.5029546946815495]","[0.0, 0.0, 0.0, 0.0, 0.0, 0.0]","[0.0, 0.0, 0.319396, 0.0, 0.0, 0.022814]"
STATE_MOTOR,1303959.2519635335,"[0.006902913545485385, 0.006135923151542565, 0.5637379395479731, -0.0015339807878856412, -0.007669903939428206, 0.5029546946815495]","[0.0, 0.0, 0.0, 0.0, 0.0, 0.0]","[0.0, 0.022814, 0.387838, 0.0, 0.022814, 0.0]"
STATE_MOTOR,1324017.6109829918,"[0.006902913545485385, 0.006135923151542565, 0.5637379395479731, -0.0015339807878856412, -0.007669903939428206, 0.5029546946815495]","[0.0, 0.0, 0.0, 0.0, 0.0, 0.0]","[0.022814, 0.0, 0.296582, 0.0, 0.022814, 0.0]"
STATE_MOTOR,1344076.0789671913,"[0.006902913545485385, 0.006135923151542565, 0.5637379395479731, -0.0015339807878856412, -0.007669903939428206, 0.5029546946815495]","[0.0, 0.0, 0.0, 0.0, 0.0, 0.0]","[0.022814, 0.022814, 0.296582, 0.0, 0.022814, 0.0]"
STATE_MOTOR,1364136.5909716114,"[0.006902913545485385, 0.006135923151542565, 0.5637379395479731, -0.0015339807878856412, -0.007669903939428206, 0.5029546946815495]","[0.0, 0.0, 0.0, 0.0, 0.0, 0.0]","[0.0, 0.0, 0.296582, 0.0, 0.022814, 0.022814]"
STATE_MOTOR,1384197.9439603165,"[0.006902913545485385, 0.006135923151542565, 0.5637379395479731, -0.0015339807878856412, -0.007669903939428206, 0.5029546946815495]","[0.0, 0.0, 0.0, 0.0, 0.0, 0.0]","[0.022814, 0.0, 0.319396, 0.0, 0.0, 0.0]"
STATE_MOTOR,1404259.52791702,"[0.006902913545485385, 0.006135923151542565, 0.5637379395479731, -0.0015339807878856412, -0.007669903939428206, 0.5029546946815495]","[0.0, 0.0, 0.0, 0.0, 0.0, 0.0]","[0.022814, 0.0, 0.319396, 0.0, 0.022814, 0.0]"
STATE_MOTOR,1424319.8889307678,"[0.006902913545485385, 0.006135923151542565, 0.5637379395479731, -0.0015339807878856412, -0.007669903939428206, 0.5029546946815495]","[0.0, 0.0, 0.0, 0.0, 0.0, 0.0]","[0.022814, 0.0, 0.296582, 0.0, 0.022814, 0.0]"
STATE_MOTOR,1444377.557025291,"[0.006902913545485385, 0.006135923151542565, 0.5637379395479731, -0.0015339807878856412, -0.007669903939428206, 0.5029546946815495]","[0.0, 0.0, 0.0, 0.0, 0.0, 0.0]","[0.022814, 0.0, 0.296582, 0.0, 0.022814, 0.0]"
STATE_MOTOR,1464436.7159344256,"[0.006902913545485385, 0.006135923151542565, 0.5637379395479731, -0.0015339807878856412, -0.007669903939428206, 0.5029546946815495]","[0.0, 0.0, 0.0, 0.0, 0.0, 0.0]","[0.022814, 0.022814, 0.410652, 0.0, 0.0, 0.0]"
STATE_MOTOR,1484492.0609612018,"[0.006902913545485385, 0.006135923151542565, 0.5637379395479731, -0.0015339807878856412, -0.007669903939428206, 0.5029546946815495]","[0.0, 0.0, 0.0, 0.0, 0.0, 0.0]","[0.022814, 0.022814, 0.296582, 0.0, 0.0, 0.022814]"
STATE_MOTOR,1504553.2529475167,"[0.006902913545485385, 0.006135923151542565, 0.5637379395479731, -0.0015339807878856412, -0.007669903939428206, 0.5029546946815495]","[0.0, 0.0, 0.0, 0.0, 0.0, 0.0]","[0.0, 0.022814, 0.296582, 0.0, 0.0, 0.0]"
STATE_MOTOR,1524612.2429380193,"[0.006902913545485385, 0.006135923151542565, 0.5637379395479731, -0.0015339807878856412, -0.007669903939428206, 0.5029546946815495]","[0.0, 0.0, 0.0, 0.0, 0.0, 0.0]","[0.022814, 0.0, 0.319396, 0.0, 0.022814, 0.0]"
STATE_MOTOR,1544672.2839260474,"[0.006902913545485385, 0.006135923151542565, 0.5637379395479731, -0.0015339807878856412, -0.007669903939428206, 0.5029546946815495]","[0.0, 0.0, 0.0, 0.0, 0.0, 0.0]","[0.022814, 0.022814, 0.296582, 0.0, 0.022814, 0.0]"
STATE_MOTOR,1564739.4759580493,"[0.006902913545485385, 0.006135923151542565, 0.5637379395479731, -0.0015339807878856412, -0.007669903939428206, 0.5029546946815495]","[0.0, 0.0, 0.0, 0.0, 0.0, 0.0]","[0.0, 0.0, 0.296582, 0.0, 0.0, 0.0]"
STATE_MOTOR,1584795.931004919,"[0.006902913545485385, 0.006135923151542565, 0.5637379395479731, -0.0015339807878856412, -0.007669903939428206, 0.5029546946815495]","[0.0, 0.0, 0.0, 0.0, 0.0, 0.0]","[0.022814, 0.022814, 0.387838, 0.0, 0.022814, 0.022814]"
STATE_MOTOR,1604852.9780237004,"[0.006902913545485385, 0.006135923151542565, 0.5637379395479731, -0.0015339807878856412, -0.007669903939428206, 0.5029546946815495]","[0.0, 0.0, 0.0, 0.0, 0.0, 0.0]","[0.022814, 0.0, 0.296582, 0.0, 0.022814, 0.0]"
STATE_MOTOR,1624916.6839988902,"[0.006902913545485385, 0.006135923151542565, 0.5637379395479731, -0.0015339807878856412, -0.007669903939428206, 0.5029546946815495]","[0.0, 0.0, 0.0, 0.0, 0.0, 0.0]","[0.022814, 0.022814, 0.296582, 0.0, 0.0, 0.022814]"
STATE_MOTOR,1644976.0139221326,"[0.006902913545485385, 0.006135923151542565, 0.5637379395479731, -0.0015339807878856412, -0.007669903939428206, 0.5029546946815495]","[0.0, 0.0, 0.0, 0.0, 0.0, 0.0]","[0.022814, 0.0, 0.273768, 0.0, 0.022814, 0.022814]"
STATE_MOTOR,1665041.6540214792,"[0.006902913545485385, 0.006135923151542565, 0.5637379395479731, -0.0015339807878856412, -0.007669903939428206, 0.5029546946815495]","[0.0, 0.0, 0.0, 0.0, 0.0, 0.0]","[0.022814, 0.0, 0.296582, 0.022814, 0.045628, 0.022814]"
STATE_MOTOR,1685102.3359922692,"[0.006902913545485385, 0.006135923151542565, 0.5637379395479731, -0.0015339807878856412, -0.007669903939428206, 0.5029546946815495]","[0.0, 0.0, 0.0, 0.0, 0.0, 0.0]","[0.0, 0.022814, 0.365024, 0.022814, 0.0, 0.022814]"
STATE_MOTOR,1705159.091972746,"[0.006902913545485385, 0.006135923151542565, 0.5637379395479731, -0.0015339807878856412, -0.007669903939428206, 0.5029546946815495]","[0.0, 0.0, 0.0, 0.0, 0.0, 0.0]","[0.022814, 0.0, 0.365024, 0.0, 0.022814, 0.0]"
STATE_MOTOR,1725220.8659192547,"[0.006902913545485385, 0.006135923151542565, 0.5637379395479731, -0.0015339807878856412, -0.007669903939428206, 0.5029546946815495]","[0.0, 0.0, 0.0, 0.0, 0.0, 0.0]","[0.022814, 0.0, 0.410652, 0.0, 0.022814, 0.0]"
STATE_MOTOR,1745279.5449644327,"[0.006902913545485385, 0.006135923151542565, 0.5637379395479731, -0.0015339807878856412, -0.007669903939428206, 0.5029546946815495]","[0.0, 0.0, 0.0, 0.0, 0.0, 0.0]","[0.022814, 0.0, 0.296582, 0.0, 0.022814, 0.022814]"
STATE_MOTOR,1765338.5140001774,"[0.006902913545485385, 0.006135923151542565, 0.5637379395479731, -0.0015339807878856412, -0.007669903939428206, 0.5029546946815495]","[0.0, 0.0, 0.0, 0.0, 0.0, 0.0]","[0.022814, 0.0, 0.319396, 0.0, 0.0, 0.022814]"
STATE_MOTOR,1785400.3879474476,"[0.006902913545485385, 0.006135923151542565, 0.5637379395479731, -0.0015339807878856412, -0.007669903939428206, 0.5029546946815495]","[0.0, 0.0, 0.0, 0.0, 0.0, 0.0]","[0.022814, 0.0, 0.433466, 0.0, 0.022814, 0.022814]"
STATE_MOTOR,1805456.9639498368,"[0.006902913545485385, 0.006135923151542565, 0.5637379395479731, -0.0015339807878856412, -0.007669903939428206, 0.5029546946815495]","[0.0, 0.0, 0.0, 0.0, 0.0, 0.0]","[0.0, 0.0, 0.296582, 0.0, 0.022814, 0.0]"
STATE_MOTOR,1825513.3390193805,"[0.006902913545485385, 0.006135923151542565, 0.5637379395479731, -0.0015339807878856412, -0.007669903939428206, 0.5029546946815495]","[0.0, 0.0, 0.0, 0.0, 0.0, 0.0]","[0.022814, 0.0, 0.296582, 0.0, 0.022814, 0.022814]"
STATE_MOTOR,1845573.090016842,"[0.006902913545485385, 0.006135923151542565, 0.5637379395479731, -0.0015339807878856412, -0.007669903939428206, 0.5029546946815495]","[0.0, 0.0, 0.0, 0.0, 0.0, 0.0]","[0.022814, 0.0, 0.319396, 0.0, 0.022814, 0.0]"
STATE_MOTOR,1865631.9689471275,"[0.006902913545485385, 0.006135923151542565, 0.5637379395479731, -0.0015339807878856412, -0.007669903939428206, 0.5029546946815495]","[0.0, 0.0, 0.0, 0.0, 0.0, 0.0]","[0.022814, 0.0, 0.433466, 0.0, 0.022814, 0.0]"
STATE_MOTOR,1885691.659990698,"[0.006902913545485385, 0.006135923151542565, 0.5637379395479731, -0.0015339807878856412, -0.007669903939428206, 0.5029546946815495]","[0.0, 0.0, 0.0, 0.0, 0.0, 0.0]","[0.022814, 0.0, 0.296582, 0.0, 0.022814, 0.0]"
STATE_MOTOR,1905749.2869906127,"[0.006902913545485385, 0.006135923151542565, 0.5637379395479731, -0.0015339807878856412, -0.007669903939428206, 0.5029546946815495]","[0.0, 0.0, 0.0, 0.0, 0.0, 0.0]","[0.022814, 0.0, 0.296582, 0.0, 0.022814, 0.045628]"
STATE_MOTOR,1925806.9850038737,"[0.006902913545485385, 0.006135923151542565, 0.5637379395479731, -0.0015339807878856412, -0.007669903939428206, 0.5029546946815495]","[0.0, 0.0, 0.0, 0.0, 0.0, 0.0]","[0.022814, 0.0, 0.433466, 0.0, 0.0, 0.022814]"
STATE_MOTOR,1945872.294018045,"[0.006902913545485385, 0.006135923151542565, 0.5637379395479731, -0.0015339807878856412, -0.007669903939428206, 0.5029546946815495]","[0.0, 0.0, 0.0, 0.0, 0.0, 0.0]","[0.022814, 0.0, 0.296582, 0.0, 0.022814, 0.022814]"
STATE_MOTOR,1965935.9399229288,"[0.006902913545485385, 0.006135923151542565, 0.5637379395479731, -0.0015339807878856412, -0.007669903939428206, 0.5029546946815495]","[0.0, 0.0, 0.0, 0.0, 0.0, 0.0]","[0.022814, 0.0, 0.45628, 0.0, 0.022814, 0.022814]"
STATE_MOTOR,1985997.432959266,"[0.006902913545485385, 0.006135923151542565, 0.5637379395479731, -0.0015339807878856412, -0.007669903939428206, 0.5029546946815495]","[0.0, 0.0, 0.0, 0.0, 0.0, 0.0]","[0.022814, 0.0, 0.296582, 0.0, 0.022814, 0.0]"
STATE_MOTOR,2006057.754973881,"[0.006902913545485385, 0.006135923151542565, 0.5637379395479731, -0.0015339807878856412, -0.007669903939428206, 0.5029546946815495]","[0.0, 0.0, 0.0, 0.0, 0.0, 0.0]","[0.022814, 0.0, 0.319396, 0.0, 0.022814, 0.0]"
STATE_MOTOR,2026149.653014727,"[0.006902913545485385, 0.006135923151542565, 0.5637379395479731, -0.0015339807878856412, -0.007669903939428206, 0.5029546946815495]","[0.0, 0.0, 0.0, 0.0, 0.0, 0.0]","[0.022814, 0.022814, 0.365024, 0.0, 0.0, 0.022814]"
STATE_MOTOR,2046207.9419521615,"[0.006902913545485385, 0.006135923151542565, 0.5637379395479731, -0.0015339807878856412, -0.007669903939428206, 0.5029546946815495]","[0.0, 0.0, 0.0, 0.0, 0.0, 0.0]","[0.022814, 0.0, 0.410652, 0.0, 0.022814, 0.0]"
STATE_MOTOR,2066285.9289441258,"[0.006902913545485385, 0.006135923151542565, 0.5637379395479731, -0.0015339807878856412, -0.007669903939428206, 0.5029546946815495]","[0.0, 0.0, 0.0, 0.0, 0.0, 0.0]","[0.022814, 0.0, 0.296582, 0.0, 0.022814, 0.022814]"
STATE_MOTOR,2086343.928007409,"[0.006902913545485385, 0.006135923151542565, 0.5637379395479731, -0.0015339807878856412, -0.007669903939428206, 0.5029546946815495]","[0.0, 0.0, 0.0, 0.0, 0.0, 0.0]","[0.0, 0.0, 0.365024, 0.0, 0.022814, 0.022814]"
STATE_MOTOR,2106400.2129714936,"[0.006902913545485385, 0.006135923151542565, 0.5637379395479731, -0.0015339807878856412, -0.007669903939428206, 0.5029546946815495]","[0.0, 0.0, 0.0, 0.0, 0.0, 0.0]","[0.0, 0.022814, 0.319396, 0.0, 0.022814, 0.022814]"
STATE_MOTOR,2126457.4399683625,"[0.006902913545485385, 0.006135923151542565, 0.5637379395479731, -0.0015339807878856412, -0.007669903939428206, 0.5029546946815495]","[0.0, 0.0, 0.0, 0.0, 0.0, 0.0]","[0.022814, 0.022814, 0.319396, 0.0, 0.022814, 0.022814]"
STATE_MOTOR,2146523.7699449062,"[0.006902913545485385, 0.006135923151542565, 0.5637379395479731, -0.0015339807878856412, -0.007669903939428206, 0.5029546946815495]","[0.0, 0.0, 0.0, 0.0, 0.0, 0.0]","[0.022814, 0.0, 0.296582, 0.0, 0.0, 0.0]"
STATE_MOTOR,2166582.108940929,"[0.006902913545485385, 0.006135923151542565, 0.5637379395479731, -0.0015339807878856412, -0.007669903939428206, 0.5029546946815495]","[0.0, 0.0, 0.0, 0.0, 0.0, 0.0]","[0.022814, 0.022814, 0.410652, 0.0, 0.022814, 0.0]"
STATE_MOTOR,2186639.596009627,"[0.006902913545485385, 0.006135923151542565, 0.5637379395479731, -0.0015339807878856412, -0.007669903939428206, 0.5029546946815495]","[0.0, 0.0, 0.0, 0.0, 0.0, 0.0]","[0.0, 0.0, 0.387838, 0.0, 0.0, 0.0]"
STATE_MOTOR,2206696.1620002985,"[0.006902913545485385, 0.006135923151542565, 0.5637379395479731, -0.0015339807878856412, -0.007669903939428206, 0.5029546946815495]","[0.0, 0.0, 0.0, 0.0, 0.0, 0.0]","[0.022814, 0.0, 0.296582, 0.0, 0.022814, 0.022814]"
STATE_MOTOR,2226753.4689744934,"[0.006902913545485385, 0.006135923151542565, 0.5637379395479731, -0.0015339807878856412, -0.007669903939428206, 0.5029546946815495]","[0.0, 0.0, 0.0, 0.0, 0.0, 0.0]","[0.022814, 0.0, 0.433466, 0.0, 0.022814, 0.0]"
STATE_MOTOR,2246818.7880003825,"[0.006902913545485385, 0.006135923151542565, 0.5637379395479731, -0.0015339807878856412, -0.007669903939428206, 0.5029546946815495]","[0.0, 0.0, 0.0, 0.0, 0.0, 0.0]","[0.022814, 0.0, 0.365024, 0.0, 0.022814, 0.0]"
STATE_MOTOR,2266886.6609456018,"[0.006902913545485385, 0.006135923151542565, 0.5637379395479731, -0.0015339807878856412, -0.007669903939428206, 0.5029546946815495]","[0.0, 0.0, 0.0, 0.0, 0.0, 0.0]","[0.0, 0.0, 0.296582, 0.0, 0.0, 0.0]"
STATE_MOTOR,2286945.3699095175,"[0.006902913545485385, 0.007669903939428206, 0.5637379395479731, -0.0015339807878856412, -0.007669903939428206, 0.5029546946815495]","[0.0, 0.0, 0.0, 0.0, 0.0, 0.0]","[0.022814, 0.0, 0.319396, 0.0, 0.022814, 0.022814]"
STATE_MOTOR,2307002.115994692,"[0.006902913545485385, 0.010737865515199488, 0.5637379395479731, -0.0015339807878856412, -0.007669903939428206, 0.5029546946815495]","[0.0, 0.15339807878856412, 0.0, 0.0, 0.0, 0.0]","[0.022814, 0.022814, 0.296582, 0.0, 0.022814, 0.0]"
STATE_MOTOR,2327066.092984751,"[0.006902913545485385, 0.01380582709097077, 0.5637379395479731, -0.0015339807878856412, -0.007669903939428206, 0.5029546946815495]","[0.0, 0.15339807878856412, 0.0, 0.0, 0.0, 0.0]","[0.022814, 0.0, 0.319396, 0.0, 0.022814, 0.022814]"
STATE_MOTOR,2347127.36599613,"[0.006902913545485385, 0.015339807878856412, 0.5637379395479731, -0.0015339807878856412, -0.007669903939428206, 0.5029546946815495]","[0.0, 0.07669903939428206, 0.0, 0.0, 0.0, 0.0]","[0.022814, 0.022814, 0.296582, 0.0, 0.022814, 0.022814]"
STATE_MOTOR,2367186.845978722,"[0.006902913545485385, 0.015339807878856412, 0.5637379395479731, -0.0015339807878856412, -0.007669903939428206, 0.5029546946815495]","[0.0, 0.07669903939428206, 0.0, 0.0, 0.0, 0.0]","[0.0, 0.022814, 0.296582, 0.0, 0.0, 0.022814]"
STATE_MOTOR,2387251.363019459,"[0.006902913545485385, 0.015339807878856412, 0.5637379395479731, -0.0015339807878856412, -0.007669903939428206, 0.5029546946815495]","[0.0, 0.0, 0.0, 0.0, 0.0, 0.0]","[0.022814, 0.022814, 0.365024, 0.0, 0.022814, 0.022814]"
STATE_MOTOR,2407312.3959824443,"[0.006902913545485385, 0.015339807878856412, 0.5637379395479731, -0.0015339807878856412, -0.007669903939428206, 0.5029546946815495]","[0.0, 0.0, 0.0, 0.0, 0.0, 0.0]","[0.022814, 0.0, 0.410652, 0.0, 0.0, 0.022814]"
STATE_MOTOR,2427373.728947714,"[0.006902913545485385, 0.015339807878856412, 0.5637379395479731, -0.0015339807878856412, -0.007669903939428206, 0.5029546946815495]","[0.0, 0.0, 0.0, 0.0, 0.0, 0.0]","[0.0, 0.0, 0.319396, 0.0, 0.022814, 0.0]"
STATE_MOTOR,2447437.966009602,"[0.006902913545485385, 0.015339807878856412, 0.5637379395479731, -0.0015339807878856412, -0.007669903939428206, 0.5029546946815495]","[0.0, 0.0, 0.0, 0.0, 0.0, 0.0]","[0.022814, 0.0, 0.319396, 0.0, 0.022814, 0.022814]"
STATE_MOTOR,2467505.3579267114,"[0.006902913545485385, 0.015339807878856412, 0.5637379395479731, -0.0015339807878856412, -0.007669903939428206, 0.5029546946815495]","[0.0, 0.0, 0.0, 0.0, 0.0, 0.0]","[0.022814, 0.0, 0.387838, 0.0, 0.022814, 0.0]"
STATE_MOTOR,2487563.4969212115,"[0.006902913545485385, 0.015339807878856412, 0.5637379395479731, -0.0015339807878856412, -0.007669903939428206, 0.5029546946815495]","[0.0, 0.0, 0.0, 0.0, 0.0, 0.0]","[0.022814, 0.0, 0.410652, 0.0, 0.022814, 0.022814]"
STATE_MOTOR,2507619.802025147,"[0.006902913545485385, 0.018407769454627694, 0.5637379395479731, -0.0015339807878856412, -0.007669903939428206, 0.5029546946815495]","[0.0, 0.0, 0.0, 0.0, 0.0, 0.0]","[0.0, 0.0, 0.319396, 0.0, 0.022814, 0.022814]"
STATE_MOTOR,2527682.177023962,"[0.006902913545485385, 0.023009711818284616, 0.5637379395479731, -0.0015339807878856412, -0.007669903939428206, 0.5029546946815495]","[0.0, 0.15339807878856412, 0.0, 0.0, 0.0, 0.0]","[0.0, 0.022814, 0.387838, 0.0, 0.022814, 0.022814]"
STATE_MOTOR,2547747.154952958,"[0.006902913545485385, 0.02454369260617026, 0.5637379395479731, -0.0015339807878856412, -0.007669903939428206, 0.5029546946815495]","[0.0, 0.23009711818284617, 0.0, 0.0, 0.0, 0.0]","[0.0, 0.0, 0.296582, 0.0, 0.022814, 0.022814]"
STATE_MOTOR,2567808.1879159436,"[0.006902913545485385, 0.02454369260617026, 0.5637379395479731, -0.0015339807878856412, -0.007669903939428206, 0.5029546946815495]","[0.0, 0.07669903939428206, 0.0, 0.0, 0.0, 0.0]","[0.022814, 0.0, 0.410652, 0.0, 0.022814, 0.022814]"
STATE_MOTOR,2587866.6759235784,"[0.006902913545485385, 0.026077673394055898, 0.5637379395479731, -0.0015339807878856412, -0.007669903939428206, 0.5029546946815495]","[0.0, 0.0, 0.0, 0.0, 0.0, 0.0]","[0.022814, 0.0, 0.319396, 0.0, 0.022814, 0.0]"
STATE_MOTOR,2607926.9079491496,"[0.006902913545485385, 0.02761165418194154, 0.5637379395479731, -0.0015339807878856412, -0.007669903939428206, 0.5029546946815495]","[0.0, 0.07669903939428206, 0.0, 0.0, 0.0, 0.0]","[0.022814, 0.022814, 0.365024, 0.0, 0.022814, 0.022814]"
STATE_MOTOR,2627986.748004332,"[0.006902913545485385, 0.02761165418194154, 0.5637379395479731, -0.0015339807878856412, -0.007669903939428206, 0.5029546946815495]","[0.0, 0.07669903939428206, 0.0, 0.0, 0.0, 0.0]","[0.022814, 0.0, 0.365024, 0.0, 0.022814, 0.0]"
STATE_MOTOR,2648047.930910252,"[0.006902913545485385, 0.02761165418194154, 0.5637379395479731, -0.0015339807878856412, -0.007669903939428206, 0.5029546946815495]","[0.0, 0.0, 0.0, 0.0, 0.0, 0.0]","[0.022814, 0.0, 0.319396, 0.0, 0.022814, 0.022814]"
STATE_MOTOR,2668107.9019326717,"[0.006902913545485385, 0.030679615757712823, 0.5637379395479731, -0.0015339807878856412, -0.007669903939428206, 0.5029546946815495]","[0.0, 0.0, 0.0, 0.0, 0.0, 0.0]","[0.022814, 0.022814, 0.387838, 0.0, 0.022814, 0.022814]"
STATE_MOTOR,2688166.290987283,"[0.006902913545485385, 0.0337475773334841, 0.5637379395479731, -0.0015339807878856412, -0.007669903939428206, 0.5029546946815495]","[0.0, 0.15339807878856412, 0.0, 0.0, 0.0, 0.0]","[0.0, 0.0, 0.296582, 0.0, 0.0, 0.0]"
STATE_MOTOR,2708222.846966237,"[0.006902913545485385, 0.03681553890925539, 0.5637379395479731, -0.0015339807878856412, -0.007669903939428206, 0.5029546946815495]","[0.0, 0.15339807878856412, 0.0, 0.0, 0.0, 0.0]","[0.022814, 0.0, 0.296582, 0.0, 0.022814, 0.022814]"
STATE_MOTOR,2728283.138014376,"[0.006902913545485385, 0.03834951969714103, 0.5637379395479731, -0.0015339807878856412, -0.007669903939428206, 0.5029546946815495]","[0.0, 0.07669903939428206, 0.0, 0.0, 0.0, 0.0]","[0.0, 0.022814, 0.296582, 0.0, 0.0, 0.022814]"
STATE_MOTOR,2748343.5589820147,"[0.006902913545485385, 0.03834951969714103, 0.5637379395479731, -0.0015339807878856412, -0.007669903939428206, 0.5029546946815495]","[0.0, 0.07669903939428206, 0.0, 0.0, 0.0, 0.0]","[0.0, 0.0, 0.433466, 0.0, 0.022814, 0.022814]"
STATE_MOTOR,2768400.2459282055,"[0.006902913545485385, 0.04295146206079795, 0.5637379395479731, -0.0015339807878856412, -0.007669903939428206, 0.5029546946815495]","[0.0, 0.15339807878856412, 0.0, 0.0, 0.0, 0.0]","[0.022814, 0.0, 0.319396, 0.0, 0.022814, 0.022814]"
STATE_MOTOR,2788429.4210234657,"[0.006902913545485385, 0.04295146206079795, 0.5637379395479731, -0.0015339807878856412, -0.007669903939428206, 0.5029546946815495]","[0.0, 0.0, 0.0, 0.0, 0.0, 0.0]","[0.022814, 0.0, 0.273768, 0.0, 0.022814, 0.022814]"
STATE_MOTOR,2808493.727934547,"[0.006902913545485385, 0.04295146206079795, 0.5637379395479731, -0.0015339807878856412, -0.007669903939428206, 0.5029546946815495]","[0.0, 0.0, 0.0, 0.0, 0.0, 0.0]","[0.022814, 0.0, 0.319396, 0.0, 0.022814, 0.022814]"
STATE_MOTOR,2828556.4630059525,"[0.006902913545485385, 0.04295146206079795, 0.5637379395479731, -0.0015339807878856412, -0.007669903939428206, 0.5029546946815495]","[0.0, 0.0, 0.0, 0.0, 0.0, 0.0]","[0.022814, 0.0, 0.319396, 0.0, 0.0, 0.022814]"
STATE_MOTOR,2848615.2020050213,"[0.006902913545485385, 0.044485442848683596, 0.5637379395479731, -0.0015339807878856412, -0.007669903939428206, 0.5029546946815495]","[0.0, 0.07669903939428206, 0.0, 0.0, 0.0, 0.0]","[0.022814, 0.0, 0.296582, 0.0, 0.022814, 0.022814]"
STATE_MOTOR,2868683.596025221,"[0.006902913545485385, 0.04601942363656923, 0.5637379395479731, -0.0015339807878856412, -0.007669903939428206, 0.5029546946815495]","[0.0, 0.07669903939428206, 0.0, 0.0, 0.0, 0.0]","[0.022814, 0.0, 0.296582, 0.0, 0.022814, 0.022814]"
STATE_MOTOR,2888744.637952186,"[0.006902913545485385, 0.04908738521234052, 0.5637379395479731, -0.0015339807878856412, -0.007669903939428206, 0.5029546946815495]","[0.0, 0.15339807878856412, 0.0, 0.0, 0.0, 0.0]","[0.022814, 0.0, 0.410652, 0.0, 0.0, 0.0]"
STATE_MOTOR,2908799.6419984847,"[0.006902913545485385, 0.052155346788111796, 0.5637379395479731, -0.0015339807878856412, -0.007669903939428206, 0.5029546946815495]","[0.0, 0.15339807878856412, 0.0, 0.0, 0.0, 0.0]","[0.0, 0.022814, 0.296582, 0.0, 0.022814, 0.0]"
STATE_MOTOR,2928859.5529505983,"[0.006902913545485385, 0.05522330836388308, 0.5637379395479731, -0.0015339807878856412, -0.007669903939428206, 0.5029546946815495]","[0.0, 0.15339807878856412, 0.0, 0.0, 0.0, 0.0]","[0.022814, 0.0, 0.365024, 0.0, 0.022814, 0.022814]"
STATE_MOTOR,2948926.7949247733,"[0.006902913545485385, 0.05829126993965436, 0.5637379395479731, -0.0015339807878856412, -0.007669903939428206, 0.5029546946815495]","[0.0, 0.15339807878856412, 0.0, 0.0, 0.0, 0.0]","[0.022814, 0.0, 0.296582, 0.0, 0.022814, 0.022814]"
STATE_MOTOR,2968993.044923991,"[0.006902913545485385, 0.06289321230331128, 0.5637379395479731, -0.0015339807878856412, -0.007669903939428206, 0.5029546946815495]","[0.0, 0.15339807878856412, 0.0, 0.0, 0.0, 0.0]","[0.0, 0.022814, 0.319396, 0.0, 0.0, 0.0]"
STATE_MOTOR,2989064.1019446775,"[0.006902913545485385, 0.06442719309119693, 0.5637379395479731, -0.0015339807878856412, -0.007669903939428206, 0.5029546946815495]","[0.0, 0.15339807878856412, 0.0, 0.0, 0.0, 0.0]","[0.022814, 0.0, 0.410652, 0.0, 0.022814, 0.022814]"
STATE_MOTOR,3009126.506978646,"[0.006902913545485385, 0.0674951546669682, 0.5637379395479731, -0.0015339807878856412, -0.007669903939428206, 0.5029546946815495]","[0.0, 0.07669903939428206, 0.0, 0.0, 0.0, 0.0]","[0.0, 0.022814, 0.296582, 0.0, 0.022814, 0.022814]"
STATE_MOTOR,3029213.657951914,"[0.006902913545485385, 0.06902913545485385, 0.5637379395479731, -0.0015339807878856412, -0.007669903939428206, 0.5029546946815495]","[0.0, 0.15339807878856412, 0.0, 0.0, 0.0, 0.0]","[0.022814, 0.022814, 0.273768, 0.0, 0.022814, 0.022814]"
STATE_MOTOR,3049283.123924397,"[0.006902913545485385, 0.07056311624273949, 0.5637379395479731, -0.0015339807878856412, -0.007669903939428206, 0.5029546946815495]","[0.0, 0.07669903939428206, 0.0, 0.0, 0.0, 0.0]","[0.022814, 0.0, 0.296582, 0.0, 0.022814, 0.0]"
STATE_MOTOR,3069347.4309518933,"[0.006902913545485385, 0.07209709703062514, 0.5637379395479731, -0.0015339807878856412, -0.007669903939428206, 0.5029546946815495]","[0.0, 0.07669903939428206, 0.0, 0.0, 0.0, 0.0]","[0.022814, 0.0, 0.296582, 0.0, 0.022814, 0.022814]"
STATE_MOTOR,3089414.7729268298,"[0.006902913545485385, 0.07209709703062514, 0.5637379395479731, -0.0015339807878856412, -0.007669903939428206, 0.5029546946815495]","[0.0, 0.0, 0.0, 0.0, 0.0, 0.0]","[0.022814, 0.0, 0.319396, 0.0, 0.022814, 0.0]"
STATE_MOTOR,3109473.000979051,"[0.006902913545485385, 0.07363107781851078, 0.5637379395479731, -0.0015339807878856412, -0.007669903939428206, 0.5029546946815495]","[0.0, 0.07669903939428206, 0.0, 0.0, 0.0, 0.0]","[0.0, 0.0, 0.387838, 0.0, 0.0, 0.0]"
STATE_MOTOR,3129531.8809570745,"[0.006902913545485385, 0.07669903939428206, 0.5637379395479731, -0.0015339807878856412, -0.007669903939428206, 0.5029546946815495]","[0.0, 0.07669903939428206, 0.0, 0.0, 0.0, 0.0]","[0.022814, 0.0, 0.296582, 0.0, 0.0, 0.022814]"
STATE_MOTOR,3149596.187984571,"[0.006902913545485385, 0.07976700097005333, 0.5637379395479731, -0.0015339807878856412, -0.007669903939428206, 0.5029546946815495]","[0.0, 0.23009711818284617, 0.0, 0.0, 0.0, 0.0]","[0.0, 0.0, 0.387838, 0.0, 0.022814, 0.022814]"
STATE_MOTOR,3169656.620011665,"[0.006902913545485385, 0.08130098175793898, 0.5637379395479731, -0.0015339807878856412, -0.007669903939428206, 0.5029546946815495]","[0.0, 0.07669903939428206, 0.0, 0.0, 0.0, 0.0]","[0.022814, 0.0, 0.296582, 0.0, 0.022814, 0.022814]"
