type,timestamp,positions,velocities,torques
STATE_MOTOR,5.958951078355312,"[-0.011504855909142308, 0.015339807878856412, 0.5760097858510582, -0.006135923151542565, -0.01380582709097077, 0.5036112934996717]","[0.0, 0.0, 0.0, 0.0, 0.0, 0.0]","[0.022814, 0.022814, 0.410652, 0.022814, 0.022814, 0.0]"
STATE_MOTOR,20099.136978387833,"[-0.011504855909142308, 0.015339807878856412, 0.5760097858510582, -0.006135923151542565, -0.01380582709097077, 0.5036112934996717]","[0.0, 0.0, 0.0, 0.0, 0.0, 0.0]","[0.022814, 0.022814, 0.387838, 0.022814, 0.022814, 0.022814]"
STATE_MOTOR,40165.002923458815,"[-0.011504855909142308, 0.015339807878856412, 0.5760097858510582, -0.006135923151542565, -0.01380582709097077, 0.5036112934996717]","[0.0, 0.0, 0.0, 0.0, 0.0, 0.0]","[0.022814, 0.022814, 0.433466, 0.0, 0.022814, 0.0]"
STATE_MOTOR,60226.21295414865,"[-0.011504855909142308, 0.015339807878856412, 0.5760097858510582, -0.006135923151542565, -0.01380582709097077, 0.5036112934996717]","[0.0, 0.0, 0.0, 0.0, 0.0, 0.0]","[0.022814, 0.022814, 0.524722, 0.022814, 0.022814, 0.022814]"
STATE_MOTOR,80284.33797881007,"[-0.011504855909142308, 0.015339807878856412, 0.5760097858510582, -0.006135923151542565, -0.01380582709097077, 0.5036112934996717]","[0.0, 0.0, 0.0, 0.0, 0.0, 0.0]","[0.022814, 0.022814, 0.524722, 0.022814, 0.045628, 0.022814]"
STATE_MOTOR,100347.38993272185,"[-0.011504855909142308, 0.015339807878856412, 0.5760097858510582, -0.006135923151542565, -0.01380582709097077, 0.5036112934996717]","[0.0, 0.0, 0.0, 0.0, 0.0, 0.0]","[0.022814, 0.022814, 0.479094, 0.022814, 0.022814, 0.0]"
STATE_MOTOR,120366.63794424385,"[-0.011504855909142308, 0.015339807878856412, 0.5760097858510582, -0.006135923151542565, -0.01380582709097077, 0.5036112934996717]","[0.0, 0.0, 0.0, 0.0, 0.0, 0.0]","[0.022814, 0.045628, 0.387838, 0.022814, 0.045628, 0.0]"
STATE_MOTOR,140421.58797383308,"[-0.011504855909142308, 0.015339807878856412, 0.5760097858510582, -0.006135923151542565, -0.01380582709097077, 0.5036112934996717]","[0.0, 0.0, 0.0, 0.0, 0.0, 0.0]","[0.022814, 0.022814, 0.387838, 0.022814, 0.022814, 0.0]"
STATE_MOTOR,160479.6729516238,"[-0.011504855909142308, 0.015339807878856412, 0.5760097858510582, -0.006135923151542565, -0.01380582709097077, 0.5036112934996717]","[0.0, 0.0, 0.0, 0.0, 0.0, 0.0]","[0.022814, 0.022814, 0.387838, 0.022814, 0.045628, 0.0]"
STATE_MOTOR,180538.05793169886,"[-0.011504855909142308, 0.015339807878856412, 0.5760097858510582, -0.006135923151542565, -0.01380582709097077, 0.5036112934996717]","[0.0, 0.0, 0.0, 0.0, 0.0, 0.0]","[0.022814, 0.045628, 0.45628, 0.0, 0.022814, 0.022814]"
STATE_MOTOR,200597.19495475292,"[-0.011504855909142308, 0.015339807878856412, 0.5760097858510582, -0.006135923151542565, -0.01380582709097077, 0.5036112934996717]","[0.0, 0.0, 0.0, 0.0, 0.0, 0.0]","[0.0, 0.022814, 0.410652, 0.022814, 0.022814, 0.022814]"
STATE_MOTOR,220659.37600564212,"[-0.011504855909142308, 0.015339807878856412, 0.5760097858510582, -0.006135923151542565, -0.01380582709097077, 0.5036112934996717]","[0.0, 0.0, 0.0, 0.0, 0.0, 0.0]","[0.0, 0.022814, 0.524722, 0.022814, 0.022814, 0.022814]"
STATE_MOTOR,240718.16192008555,"[-0.011504855909142308, 0.015339807878856412, 0.5760097858510582, -0.006135923151542565, -0.01380582709097077, 0.5036112934996717]","[0.0, 0.0, 0.0, 0.0, 0.0, 0.0]","[0.022814, 0.022814, 0.387838, 0.0, 0.022814, 0.022814]"
STATE_MOTOR,260778.47101259977,"[-0.011504855909142308, 0.015339807878856412, 0.5760097858510582, -0.006135923151542565, -0.01380582709097077, 0.5036112934996717]","[0.0, 0.0, 0.0, 0.0, 0.0, 0.0]","[0.022814, 0.022814, 0.524722, 0.022814, 0.022814, 0.0]"
STATE_MOTOR,280836.1549396068,"[-0.011504855909142308, 0.015339807878856412, 0.5760097858510582, -0.006135923151542565, -0.01380582709097077, 0.5036112934996717]","[0.0, 0.0, 0.0, 0.0, 0.0, 0.0]","[0.022814, 0.022814, 0.387838, 0.022814, 0.022814, 0.0]"
STATE_MOTOR,300895.432010293,"[-0.011504855909142308, 0.015339807878856412, 0.5760097858510582, -0.006135923151542565, -0.01380582709097077, 0.5036112934996717]","[0.0, 0.0, 0.0, 0.0, 0.0, 0.0]","[0.022814, 0.022814, 0.524722, 0.0, 0.022814, 0.022814]"
STATE_MOTOR,320953.85692082345,"[-0.011504855909142308, 0.015339807878856412, 0.5760097858510582, -0.006135923151542565, -0.01380582709097077, 0.5036112934996717]","[0.0, 0.0, 0.0, 0.0, 0.0, 0.0]","[0.0, 0.022814, 0.410652, 0.022814, 0.022814, 0.022814]"
STATE_MOTOR,341012.2930072248,"[-0.011504855909142308, 0.015339807878856412, 0.5760097858510582, -0.006135923151542565, -0.01380582709097077, 0.5036112934996717]","[0.0, 0.0, 0.0, 0.0, 0.0, 0.0]","[0.022814, 0.022814, 0.524722, 0.0, 0.022814, 0.022814]"
STATE_MOTOR,361074.35391750187,"[-0.011504855909142308, 0.015339807878856412, 0.5760097858510582, -0.006135923151542565, -0.01380582709097077, 0.5036112934996717]","[0.0, 0.0, 0.0, 0.0, 0.0, 0.0]","[0.022814, 0.022814, 0.387838, 0.0, 0.022814, 0.0]"
STATE_MOTOR,381135.8939856291,"[-0.011504855909142308, 0.015339807878856412, 0.5760097858510582, -0.006135923151542565, -0.01380582709097077, 0.5036112934996717]","[0.0, 0.0, 0.0, 0.0, 0.0, 0.0]","[0.022814, 0.022814, 0.524722, 0.022814, 0.022814, 0.022814]"
STATE_MOTOR,401193.6279712245,"[-0.011504855909142308, 0.015339807878856412, 0.5760097858510582, -0.006135923151542565, -0.01380582709097077, 0.5036112934996717]","[0.0, 0.0, 0.0, 0.0, 0.0, 0.0]","[0.022814, 0.0, 0.387838, 0.022814, 0.045628, 0.022814]"
STATE_MOTOR,421254.30691521615,"[-0.011504855909142308, 0.015339807878856412, 0.5760097858510582, -0.006135923151542565, -0.01380582709097077, 0.5036112934996717]","[0.0, 0.0, 0.0, 0.0, 0.0, 0.0]","[0.022814, 0.022814, 0.433466, 0.0, 0.022814, 0.022814]"
STATE_MOTOR,441311.1099274829,"[-0.011504855909142308, 0.015339807878856412, 0.5760097858510582, -0.006135923151542565, -0.01380582709097077, 0.5036112934996717]","[0.0, 0.0, 0.0, 0.0, 0.0, 0.0]","[0.022814, 0.022814, 0.524722, 0.0, 0.022814, 0.045628]"
STATE_MOTOR,461363.44701517373,"[-0.011504855909142308, 0.015339807878856412, 0.5760097858510582, -0.006135923151542565, -0.01380582709097077, 0.5036112934996717]","[0.0, 0.0, 0.0, 0.0, 0.0, 0.0]","[0.022814, 0.022814, 0.365024, 0.0, 0.045628, 0.022814]"
STATE_MOTOR,481421.4619109407,"[-0.011504855909142308, 0.015339807878856412, 0.5760097858510582, -0.006135923151542565, -0.01380582709097077, 0.5036112934996717]","[0.0, 0.0, 0.0, 0.0, 0.0, 0.0]","[0.022814, 0.022814, 0.501908, 0.0, 0.045628, 0.022814]"
STATE_MOTOR,501487.9190130159,"[-0.011504855909142308, 0.015339807878856412, 0.5760097858510582, -0.006135923151542565, -0.01380582709097077, 0.5036112934996717]","[0.0, 0.0, 0.0, 0.0, 0.0, 0.0]","[0.022814, 0.022814, 0.410652, 0.022814, 0.045628, 0.0]"
STATE_MOTOR,521554.8869455233,"[-0.011504855909142308, 0.015339807878856412, 0.5760097858510582, -0.006135923151542565, -0.01380582709097077, 0.5036112934996717]","[0.0, 0.0, 0.0, 0.0, 0.0, 0.0]","[0.022814, 0.022814, 0.387838, 0.022814, 0.022814, 0.022814]"
STATE_MOTOR,541612.4819312245,"[-0.011504855909142308, 0.015339807878856412, 0.5760097858510582, -0.006135923151542565, -0.01380582709097077, 0.5036112934996717]","[0.0, 0.0, 0.0, 0.0, 0.0, 0.0]","[0.022814, 0.022814, 0.479094, 0.022814, 0.022814, 0.022814]"
STATE_MOTOR,561671.748990193,"[-0.011504855909142308, 0.015339807878856412, 0.5760097858510582, -0.006135923151542565, -0.01380582709097077, 0.5036112934996717]","[0.0, 0.0, 0.0, 0.0, 0.0, 0.0]","[0.022814, 0.022814, 0.387838, 0.0, 0.022814, 0.0]"
STATE_MOTOR,581729.382975027,"[-0.011504855909142308, 0.015339807878856412, 0.5760097858510582, -0.006135923151542565, -0.01380582709097077, 0.5036112934996717]","[0.0, 0.0, 0.0, 0.0, 0.0, 0.0]","[0.022814, 0.022814, 0.410652, 0.022814, 0.022814, 0.022814]"
STATE_MOTOR,601788.4289612994,"[-0.011504855909142308, 0.015339807878856412, 0.5760097858510582, -0.006135923151542565, -0.01380582709097077, 0.5036112934996717]","[0.0, 0.0, 0.0, 0.0, 0.0, 0.0]","[0.022814, 0.022814, 0.479094, 0.0, 0.022814, 0.0]"
STATE_MOTOR,621852.1129339933,"[-0.011504855909142308, 0.015339807878856412, 0.5760097858510582, -0.006135923151542565, -0.01380582709097077, 0.5036112934996717]","[0.0, 0.0, 0.0, 0.0, 0.0, 0.0]","[0.022814, 0.022814, 0.524722, 0.022814, 0.022814, 0.0]"
STATE_MOTOR,641909.0959243476,"[-0.011504855909142308, 0.015339807878856412, 0.5760097858510582, -0.006135923151542565, -0.01380582709097077, 0.5036112934996717]","[0.0, 0.0, 0.0, 0.0, 0.0, 0.0]","[0.022814, 0.022814, 0.410652, 0.0, 0.022814, 0.0]"
STATE_MOTOR,661969.9049042538,"[-0.011504855909142308, 0.015339807878856412, 0.5760097858510582, -0.006135923151542565, -0.01380582709097077, 0.5036112934996717]","[0.0, 0.0, 0.0, 0.0, 0.0, 0.0]","[0.022814, 0.022814, 0.433466, 0.0, 0.022814, 0.022814]"
STATE_MOTOR,682035.3209041059,"[-0.011504855909142308, 0.015339807878856412, 0.5760097858510582, -0.006135923151542565, -0.01380582709097077, 0.5036112934996717]","[0.0, 0.0, 0.0, 0.0, 0.0, 0.0]","[0.022814, 0.0, 0.479094, 0.0, 0.022814, 0.022814]"
STATE_MOTOR,702099.043992348,"[-0.011504855909142308, 0.015339807878856412, 0.5760097858510582, -0.006135923151542565, -0.01380582709097077, 0.5036112934996717]","[0.0, 0.0, 0.0, 0.0, 0.0, 0.0]","[0.022814, 0.022814, 0.45628, 0.022814, 0.045628, 0.022814]"
STATE_MOTOR,722163.0479907617,"[-0.011504855909142308, 0.015339807878856412, 0.5760097858510582, -0.006135923151542565, -0.01380582709097077, 0.5036112934996717]","[0.0, 0.0, 0.0, 0.0, 0.0, 0.0]","[0.022814, 0.022814, 0.410652, 0.022814, 0.022814, 0.022814]"
STATE_MOTOR,742227.6230063289,"[-0.011504855909142308, 0.015339807878856412, 0.5760097858510582, -0.006135923151542565, -0.01380582709097077, 0.5036112934996717]","[0.0, 0.0, 0.0, 0.0, 0.0, 0.0]","[0.022814, 0.022814, 0.410652, 0.022814, 0.022814, 0.0]"
STATE_MOTOR,762291.0059290007,"[-0.011504855909142308, 0.015339807878856412, 0.5760097858510582, -0.006135923151542565, -0.01380582709097077, 0.5036112934996717]","[0.0, 0.0, 0.0, 0.0, 0.0, 0.0]","[0.022814, 0.022814, 0.524722, 0.0, 0.022814, 0.022814]"
STATE_MOTOR,782368.1689333171,"[-0.011504855909142308, 0.015339807878856412, 0.5760097858510582, -0.006135923151542565, -0.01380582709097077, 0.5036112934996717]","[0.0, 0.0, 0.0, 0.0, 0.0, 0.0]","[0.022814, 0.022814, 0.410652, 0.022814, 0.045628, 0.022814]"
STATE_MOTOR,802433.6450034752,"[-0.011504855909142308, 0.015339807878856412, 0.5760097858510582, -0.006135923151542565, -0.01380582709097077, 0.5036112934996717]","[0.0, 0.0, 0.0, 0.0, 0.0, 0.0]","[0.022814, 0.022814, 0.45628, 0.022814, 0.022814, 0.0]"
STATE_MOTOR,822501.9560195506,"[-0.011504855909142308, 0.015339807878856412, 0.5760097858510582, -0.006135923151542565, -0.01380582709097077, 0.5036112934996717]","[0.0, 0.0, 0.0, 0.0, 0.0, 0.0]","[0.022814, 0.022814, 0.410652, 0.022814, 0.045628, 0.022814]"
STATE_MOTOR,842561.8929322809,"[-0.011504855909142308, 0.015339807878856412, 0.5760097858510582, -0.006135923151542565, -0.01380582709097077, 0.5036112934996717]","[0.0, 0.0, 0.0, 0.0, 0.0, 0.0]","[0.022814, 0.022814, 0.387838, 0.0, 0.022814, 0.0]"
STATE_MOTOR,862620.5589389428,"[-0.011504855909142308, 0.015339807878856412, 0.5760097858510582, -0.006135923151542565, -0.01380582709097077, 0.5036112934996717]","[0.0, 0.0, 0.0, 0.0, 0.0, 0.0]","[0.022814, 0.022814, 0.387838, 0.022814, 0.022814, 0.0]"
STATE_MOTOR,882680.6469587609,"[-0.011504855909142308, 0.015339807878856412, 0.5760097858510582, -0.006135923151542565, -0.01380582709097077, 0.5036112934996717]","[0.0, 0.0, 0.0, 0.0, 0.0, 0.0]","[0.022814, 0.022814, 0.45628, 0.022814, 0.022814, 0.022814]"
STATE_MOTOR,902746.0929937661,"[-0.011504855909142308, 0.015339807878856412, 0.5760097858510582, -0.006135923151542565, -0.01380582709097077, 0.5036112934996717]","[0.0, 0.0, 0.0, 0.0, 0.0, 0.0]","[0.045628, 0.022814, 0.410652, 0.0, 0.022814, 0.022814]"
STATE_MOTOR,922805.4899722338,"[-0.011504855909142308, 0.015339807878856412, 0.5760097858510582, -0.006135923151542565, -0.01380582709097077, 0.5036112934996717]","[0.0, 0.0, 0.0, 0.0, 0.0, 0.0]","[0.022814, 0.045628, 0.410652, 0.022814, 0.022814, 0.022814]"
STATE_MOTOR,942868.0220153183,"[-0.011504855909142308, 0.015339807878856412, 0.5760097858510582, -0.006135923151542565, -0.01380582709097077, 0.5036112934996717]","[0.0, 0.0, 0.0, 0.0, 0.0, 0.0]","[0.022814, 0.022814, 0.410652, 0.022814, 0.045628, 0.022814]"
STATE_MOTOR,962924.4239768013,"[-0.011504855909142308, 0.015339807878856412, 0.5760097858510582, -0.006135923151542565, -0.01380582709097077, 0.5036112934996717]","[0.0, 0.0, 0.0, 0.0, 0.0, 0.0]","[0.022814, 0.022814, 0.410652, 0.0, 0.022814, 0.022814]"
STATE_MOTOR,982990.2009805664,"[-0.011504855909142308, 0.015339807878856412, 0.5760097858510582, -0.006135923151542565, -0.01380582709097077, 0.5036112934996717]","[0.0, 0.0, 0.0, 0.0, 0.0, 0.0]","[0.022814, 0.045628, 0.387838, 0.0, 0.022814, 0.022814]"
STATE_MOTOR,1003055.2359530702,"[-0.011504855909142308, 0.015339807878856412, 0.5760097858510582, -0.006135923151542565, -0.01380582709097077, 0.5036112934996717]","[0.0, 0.0, 0.0, 0.0, 0.0, 0.0]","[0.0, 0.022814, 0.410652, 0.022814, 0.022814, 0.0]"
STATE_MOTOR,1023149.8560169712,"[-0.011504855909142308, 0.015339807878856412, 0.5760097858510582, -0.006135923151542565, -0.01380582709097077, 0.5036112934996717]","[0.0, 0.0, 0.0, 0.0, 0.0, 0.0]","[0.022814, 0.022814, 0.410652, 0.022814, 0.022814, 0.022814]"
STATE_MOTOR,1043214.7709652781,"[-0.011504855909142308, 0.015339807878856412, 0.5760097858510582, -0.006135923151542565, -0.01380582709097077, 0.5036112934996717]","[0.0, 0.0, 0.0, 0.0, 0.0, 0.0]","[0.022814, 0.045628, 0.501908, 0.0, 0.022814, 0.022814]"
STATE_MOTOR,1063272.1049478278,"[-0.011504855909142308, 0.015339807878856412, 0.5760097858510582, -0.006135923151542565, -0.01380582709097077, 0.5036112934996717]","[0.0, 0.0, 0.0, 0.0, 0.0, 0.0]","[0.022814, 0.022814, 0.410652, 0.022814, 0.022814, 0.022814]"
STATE_MOTOR,1083331.1809692532,"[-0.011504855909142308, 0.015339807878856412, 0.5760097858510582, -0.006135923151542565, -0.01380582709097077, 0.5036112934996717]","[0.0, 0.0, 0.0, 0.0, 0.0, 0.0]","[0.022814, 0.022814, 0.387838, 0.022814, 0.022814, 0.022814]"
STATE_MOTOR,1103394.8949771002,"[-0.011504855909142308, 0.015339807878856412, 0.5760097858510582, -0.006135923151542565, -0.01380582709097077, 0.5036112934996717]","[0.0, 0.0, 0.0, 0.0, 0.0, 0.0]","[0.022814, 0.022814, 0.410652, 0.0, 0.045628, 0.022814]"
STATE_MOTOR,1123462.7339290455,"[-0.011504855909142308, 0.015339807878856412, 0.5760097858510582, -0.006135923151542565, -0.01380582709097077, 0.5036112934996717]","[0.0, 0.0, 0.0, 0.0, 0.0, 0.0]","[0.022814, 0.022814, 0.410652, 0.022814, 0.022814, 0.0]"
STATE_MOTOR,1143524.3739979342,"[-0.011504855909142308, 0.015339807878856412, 0.5760097858510582, -0.006135923151542565, -0.01380582709097077, 0.5036112934996717]","[0.0, 0.0, 0.0, 0.0, 0.0, 0.0]","[0.022814, 0.022814, 0.479094, 0.022814, 0.022814, 0.022814]"
STATE_MOTOR,1163584.5829732716,"[-0.011504855909142308, 0.015339807878856412, 0.5760097858510582, -0.006135923151542565, -0.01380582709097077, 0.5036112934996717]","[0.0, 0.0, 0.0, 0.0, 0.0, 0.0]","[0.022814, 0.022814, 0.501908, 0.022814, 0.022814, 0.022814]"
STATE_MOTOR,1183651.6009643674,"[-0.011504855909142308, 0.015339807878856412, 0.5760097858510582, -0.006135923151542565, -0.01380582709097077, 0.5036112934996717]","[0.0, 0.0, 0.0, 0.0, 0.0, 0.0]","[0.022814, 0.022814, 0.524722, 0.022814, 0.022814, 0.022814]"
STATE_MOTOR,1203710.4669725522,"[-0.011504855909142308, 0.015339807878856412, 0.5760097858510582, -0.006135923151542565, -0.01380582709097077, 0.5036112934996717]","[0.0, 0.0, 0.0, 0.0, 0.0, 0.0]","[0.022814, 0.022814, 0.387838, 0.022814, 0.045628, 0.022814]"
STATE_MOTOR,1223768.8020104542,"[-0.011504855909142308, 0.015339807878856412, 0.5760097858510582, -0.006135923151542565, -0.01380582709097077, 0.5036112934996717]","[0.0, 0.0, 0.0, 0.0, 0.0, 0.0]","[0.022814, 0.045628, 0.479094, 0.0, 0.022814, 0.022814]"
STATE_MOTOR,1243824.062985368,"[-0.011504855909142308, 0.015339807878856412, 0.5760097858510582, -0.006135923151542565, -0.01380582709097077, 0.5036112934996717]","[0.0, 0.0, 0.0, 0.0, 0.0, 0.0]","[0.022814, 0.022814, 0.524722, 0.0, 0.022814, 0.022814]"
STATE_MOTOR,1263884.1510051861,"[-0.011504855909142308, 0.015339807878856412, 0.5760097858510582, -0.006135923151542565, -0.01380582709097077, 0.5036112934996717]","[0.0, 0.0, 0.0, 0.0, 0.0, 0.0]","[0.045628, 0.022814, 0.433466, 0.022814, 0.022814, 0.022814]"
STATE_MOTOR,1283941.2449393421,"[-0.011504855909142308, 0.015339807878856412, 0.5760097858510582, -0.006135923151542565, -0.01380582709097077, 0.5036112934996717]","[0.0, 0.0, 0.0, 0.0, 0.0, 0.0]","[0.022814, 0.022814, 0.410652, 0.0, 0.022814, 0.022814]"
STATE_MOTOR,1304007.4720047414,"[-0.011504855909142308, 0.015339807878856412, 0.5760097858510582, -0.006135923151542565, -0.01380582709097077, 0.5036112934996717]","[0.0, 0.0, 0.0, 0.0, 0.0, 0.0]","[0.022814, 0.022814, 0.479094, 0.022814, 0.022814, 0.022814]"
STATE_MOTOR,1324067.3399996012,"[-0.011504855909142308, 0.015339807878856412, 0.5760097858510582, -0.006135923151542565, -0.01380582709097077, 0.5036112934996717]","[0.0, 0.0, 0.0, 0.0, 0.0, 0.0]","[0.022814, 0.022814, 0.387838, 0.0, 0.022814, 0.022814]"
STATE_MOTOR,1344129.5609809458,"[-0.011504855909142308, 0.015339807878856412, 0.5760097858510582, -0.006135923151542565, -0.01380582709097077, 0.5036112934996717]","[0.0, 0.0, 0.0, 0.0, 0.0, 0.0]","[0.022814, 0.045628, 0.387838, 0.022814, 0.022814, 0.0]"
STATE_MOTOR,1364188.0359500647,"[-0.011504855909142308, 0.015339807878856412, 0.5760097858510582, -0.006135923151542565, -0.01380582709097077, 0.5036112934996717]","[0.0, 0.0, 0.0, 0.0, 0.0, 0.0]","[0.0, 0.022814, 0.410652, 0.022814, 0.022814, 0.022814]"
STATE_MOTOR,1384250.5479697138,"[-0.011504855909142308, 0.015339807878856412, 0.5760097858510582, -0.006135923151542565, -0.01380582709097077, 0.5036112934996717]","[0.0, 0.0, 0.0, 0.0, 0.0, 0.0]","[0.022814, 0.0, 0.501908, 0.0, 0.045628, 0.0]"
STATE_MOTOR,1404307.2909116745,"[-0.011504855909142308, 0.015339807878856412, 0.5760097858510582, -0.006135923151542565, -0.01380582709097077, 0.5036112934996717]","[0.0, 0.0, 0.0, 0.0, 0.0, 0.0]","[0.022814, 0.022814, 0.524722, 0.022814, 0.022814, 0.022814]"
STATE_MOTOR,1424366.2569206208,"[-0.011504855909142308, 0.015339807878856412, 0.5760097858510582, -0.006135923151542565, -0.01380582709097077, 0.5036112934996717]","[0.0, 0.0, 0.0, 0.0, 0.0, 0.0]","[0.022814, 0.045628, 0.387838, 0.022814, 0.022814, 0.0]"
STATE_MOTOR,1444423.3409594744,"[-0.011504855909142308, 0.015339807878856412, 0.5760097858510582, -0.006135923151542565, -0.01380582709097077, 0.5036112934996717]","[0.0, 0.0, 0.0, 0.0, 0.0, 0.0]","[0.022814, 0.022814, 0.479094, 0.0, 0.022814, 0.022814]"
STATE_MOTOR,1464482.8479504213,"[-0.011504855909142308, 0.015339807878856412, 0.5760097858510582, -0.006135923151542565, -0.01380582709097077, 0.5036112934996717]","[0.0, 0.0, 0.0, 0.0, 0.0, 0.0]","[0.022814, 0.022814, 0.387838, 0.0, 0.022814, 0.022814]"
STATE_MOTOR,1484543.8069896773,"[-0.011504855909142308, 0.015339807878856412, 0.5760097858510582, -0.006135923151542565, -0.01380582709097077, 0.5036112934996717]","[0.0, 0.0, 0.0, 0.0, 0.0, 0.0]","[0.022814, 0.022814, 0.524722, 0.022814, 0.022814, 0.022814]"
STATE_MOTOR,1504600.1499285921,"[-0.011504855909142308, 0.015339807878856412, 0.5760097858510582, -0.006135923151542565, -0.01380582709097077, 0.5036112934996717]","[0.0, 0.0, 0.0, 0.0, 0.0, 0.0]","[0.022814, 0.022814, 0.410652, 0.0, 0.022814, 0.022814]"
STATE_MOTOR,1524667.8189141676,"[-0.011504855909142308, 0.015339807878856412, 0.5760097858510582, -0.006135923151542565, -0.01380582709097077, 0.5036112934996717]","[0.0, 0.0, 0.0, 0.0, 0.0, 0.0]","[0.022814, 0.022814, 0.433466, 0.0, 0.022814, 0.0]"
STATE_MOTOR,1544722.6589312777,"[-0.011504855909142308, 0.015339807878856412, 0.5760097858510582, -0.006135923151542565, -0.01380582709097077, 0.5036112934996717]","[0.0, 0.0, 0.0, 0.0, 0.0, 0.0]","[0.045628, 0.022814, 0.524722, 0.022814, 0.022814, 0.0]"
STATE_MOTOR,1564779.131906107,"[-0.011504855909142308, 0.015339807878856412, 0.5760097858510582, -0.006135923151542565, -0.01380582709097077, 0.5036112934996717]","[0.0, 0.0, 0.0, 0.0, 0.0, 0.0]","[0.045628, 0.022814, 0.501908, 0.0, 0.045628, 0.0]"
STATE_MOTOR,1584839.449962601,"[-0.011504855909142308, 0.015339807878856412, 0.5760097858510582, -0.006135923151542565, -0.01380582709097077, 0.5036112934996717]","[0.0, 0.0, 0.0, 0.0, 0.0, 0.0]","[0.022814, 0.022814, 0.410652, 0.022814, 0.022814, 0.022814]"
STATE_MOTOR,1604897.9560146108,"[-0.011504855909142308, 0.015339807878856412, 0.5760097858510582, -0.006135923151542565, -0.01380582709097077, 0.5036112934996717]","[0.0, 0.0, 0.0, 0.0, 0.0, 0.0]","[0.022814, 0.022814, 0.410652, 0.022814, 0.022814, 0.022814]"
STATE_MOTOR,1624958.5439218208,"[-0.011504855909142308, 0.015339807878856412, 0.5760097858510582, -0.006135923151542565, -0.01380582709097077, 0.5036112934996717]","[0.0, 0.0, 0.0, 0.0, 0.0, 0.0]","[0.022814, 0.045628, 0.410652, 0.0, 0.022814, 0.022814]"
STATE_MOTOR,1645019.71390564,"[-0.011504855909142308, 0.015339807878856412, 0.5760097858510582, -0.006135923151542565, -0.01380582709097077, 0.5036112934996717]","[0.0, 0.0, 0.0, 0.0, 0.0, 0.0]","[0.022814, 0.022814, 0.45628, 0.022814, 0.022814, 0.0]"
STATE_MOTOR,1665084.3989336863,"[-0.011504855909142308, 0.015339807878856412, 0.5760097858510582, -0.006135923151542565, -0.01380582709097077, 0.5036112934996717]","[0.0, 0.0, 0.0, 0.0, 0.0, 0.0]","[0.022814, 0.022814, 0.410652, 0.022814, 0.022814, 0.0]"
STATE_MOTOR,1685147.4709110335,"[-0.011504855909142308, 0.015339807878856412, 0.5760097858510582, -0.006135923151542565, -0.01380582709097077, 0.5036112934996717]","[0.0, 0.0, 0.0, 0.0, 0.0, 0.0]","[0.022814, 0.022814, 0.387838, 0.0, 0.022814, 0.022814]"
STATE_MOTOR,1705203.082994558,"[-0.011504855909142308, 0.015339807878856412, 0.5760097858510582, -0.006135923151542565, -0.01380582709097077, 0.5036112934996717]","[0.0, 0.0, 0.0, 0.0, 0.0, 0.0]","[0.045628, 0.022814, 0.387838, 0.0, 0.022814, 0.0]"
STATE_MOTOR,1725261.1269941553,"[-0.011504855909142308, 0.015339807878856412, 0.5760097858510582, -0.006135923151542565, -0.01380582709097077, 0.5036112934996717]","[0.0, 0.0, 0.0, 0.0, 0.0, 0.0]","[0.022814, 0.022814, 0.524722, 0.0, 0.022814, 0.022814]"
STATE_MOTOR,1745320.0939344242,"[-0.011504855909142308, 0.015339807878856412, 0.5760097858510582, -0.006135923151542565, -0.01380582709097077, 0.5036112934996717]","[0.0, 0.0, 0.0, 0.0, 0.0, 0.0]","[0.022814, 0.022814, 0.45628, 0.022814, 0.022814, 0.022814]"
STATE_MOTOR,1765375.9149834514,"[-0.011504855909142308, 0.015339807878856412, 0.5760097858510582, -0.006135923151542565, -0.01380582709097077, 0.5036112934996717]","[0.0, 0.0, 0.0, 0.0, 0.0, 0.0]","[0.022814, 0.022814, 0.433466, 0.022814, 0.022814, 0.022814]"
STATE_MOTOR,1785439.5490139723,"[-0.011504855909142308, 0.015339807878856412, 0.5760097858510582, -0.006135923151542565, -0.01380582709097077, 0.5036112934996717]","[0.0, 0.0, 0.0, 0.0, 0.0, 0.0]","[0.022814, 0.022814, 0.501908, 0.022814, 0.022814, 0.022814]"
STATE_MOTOR,1805504.323914647,"[-0.011504855909142308, 0.015339807878856412, 0.5760097858510582, -0.006135923151542565, -0.01380582709097077, 0.5036112934996717]","[0.0, 0.0, 0.0, 0.0, 0.0, 0.0]","[0.022814, 0.022814, 0.387838, 0.022814, 0.022814, 0.0]"
STATE_MOTOR,1825569.2789098248,"[-0.011504855909142308, 0.015339807878856412, 0.5760097858510582, -0.006135923151542565, -0.01380582709097077, 0.5036112934996717]","[0.0, 0.0, 0.0, 0.0, 0.0, 0.0]","[0.022814, 0.0, 0.501908, 0.022814, 0.022814, 0.022814]"
STATE_MOTOR,1845626.7429282889,"[-0.011504855909142308, 0.015339807878856412, 0.5760097858510582, -0.006135923151542565, -0.01380582709097077, 0.5036112934996717]","[0.0, 0.0, 0.0, 0.0, 0.0, 0.0]","[0.045628, 0.022814, 0.387838, 0.022814, 0.022814, 0.0]"
STATE_MOTOR,1865685.6889137998,"[-0.011504855909142308, 0.015339807878856412, 0.5760097858510582, -0.006135923151542565, -0.01380582709097077, 0.5036112934996717]","[0.0, 0.0, 0.0, 0.0, 0.0, 0.0]","[0.0, 0.022814, 0.524722, 0.022814, 0.022814, 0.022814]"
STATE_MOTOR,1885748.230968602,"[-0.011504855909142308, 0.015339807878856412, 0.5760097858510582, -0.006135923151542565, -0.01380582709097077, 0.5036112934996717]","[0.0, 0.0, 0.0, 0.0, 0.0, 0.0]","[0.022814, 0.022814, 0.387838, 0.0, 0.022814, 0.022814]"
STATE_MOTOR,1905808.0279501155,"[-0.011504855909142308, 0.015339807878856412, 0.5760097858510582, -0.006135923151542565, -0.01380582709097077, 0.5036112934996717]","[0.0, 0.0, 0.0, 0.0, 0.0, 0.0]","[0.022814, 0.022814, 0.410652, 0.022814, 0.022814, 0.022814]"
STATE_MOTOR,1925869.5179596543,"[-0.011504855909142308, 0.015339807878856412, 0.5760097858510582, -0.006135923151542565, -0.01380582709097077, 0.5036112934996717]","[0.0, 0.0, 0.0, 0.0, 0.0, 0.0]","[0.022814, 0.022814, 0.501908, 0.0, 0.045628, 0.045628]"
STATE_MOTOR,1945932.1699105203,"[-0.011504855909142308, 0.015339807878856412, 0.5760097858510582, -0.006135923151542565, -0.01380582709097077, 0.5036112934996717]","[0.0, 0.0, 0.0, 0.0, 0.0, 0.0]","[0.022814, 0.022814, 0.387838, 0.0, 0.045628, 0.022814]"
STATE_MOTOR,1965991.7879616842,"[-0.011504855909142308, 0.015339807878856412, 0.5760097858510582, -0.006135923151542565, -0.01380582709097077, 0.5036112934996717]","[0.0, 0.0, 0.0, 0.0, 0.0, 0.0]","[0.022814, 0.022814, 0.433466, 0.0, 0.022814, 0.022814]"
STATE_MOTOR,1986055.4509796202,"[-0.011504855909142308, 0.015339807878856412, 0.5760097858510582, -0.006135923151542565, -0.01380582709097077, 0.5036112934996717]","[0.0, 0.0, 0.0, 0.0, 0.0, 0.0]","[0.022814, 0.022814, 0.433466, 0.0, 0.022814, 0.022814]"
STATE_MOTOR,2006122.0589559525,"[-0.011504855909142308, 0.015339807878856412, 0.5760097858510582, -0.006135923151542565, -0.01380582709097077, 0.5036112934996717]","[0.0, 0.0, 0.0, 0.0, 0.0, 0.0]","[0.0, 0.022814, 0.387838, 0.022814, 0.022814, 0.0]"
STATE_MOTOR,2026218.1299040094,"[-0.011504855909142308, 0.015339807878856412, 0.5760097858510582, -0.006135923151542565, -0.01380582709097077, 0.5036112934996717]","[0.0, 0.0, 0.0, 0.0, 0.0, 0.0]","[0.022814, 0.022814, 0.45628, 0.0, 0.022814, 0.022814]"
STATE_MOTOR,2046278.2479589805,"[-0.011504855909142308, 0.015339807878856412, 0.5760097858510582, -0.006135923151542565, -0.01380582709097077, 0.5036112934996717]","[0.0, 0.0, 0.0, 0.0, 0.0, 0.0]","[0.022814, 0.022814, 0.45628, 0.022814, 0.045628, 0.022814]"
STATE_MOTOR,2066337.6749726012,"[-0.011504855909142308, 0.015339807878856412, 0.5760097858510582, -0.006135923151542565, -0.01380582709097077, 0.5036112934996717]","[0.0, 0.0, 0.0, 0.0, 0.0, 0.0]","[0.045628, 0.022814, 0.501908, 0.022814, 0.022814, 0.022814]"
STATE_MOTOR,2086362.9109226167,"[-0.011504855909142308, 0.015339807878856412, 0.5760097858510582, -0.006135923151542565, -0.01380582709097077, 0.5036112934996717]","[0.0, 0.0, 0.0, 0.0, 0.0, 0.0]","[0.022814, 0.022814, 0.387838, 0.022814, 0.022814, 0.022814]"
STATE_MOTOR,2106422.467972152,"[-0.011504855909142308, 0.015339807878856412, 0.5760097858510582, -0.006135923151542565, -0.01380582709097077, 0.5036112934996717]","[0.0, 0.0, 0.0, 0.0, 0.0, 0.0]","[0.022814, 0.022814, 0.524722, 0.022814, 0.045628, 0.022814]"
STATE_MOTOR,2126484.6599660814,"[-0.011504855909142308, 0.015339807878856412, 0.5760097858510582, -0.006135923151542565, -0.01380582709097077, 0.5036112934996717]","[0.0, 0.0, 0.0, 0.0, 0.0, 0.0]","[0.022814, 0.022814, 0.433466, 0.0, 0.022814, 0.045628]"
STATE_MOTOR,2146542.914910242,"[-0.011504855909142308, 0.015339807878856412, 0.5760097858510582, -0.006135923151542565, -0.01380582709097077, 0.5036112934996717]","[0.0, 0.0, 0.0, 0.0, 0.0, 0.0]","[0.022814, 0.022814, 0.410652, 0.0, 0.022814, 0.022814]"
STATE_MOTOR,2166608.760948293,"[-0.011504855909142308, 0.015339807878856412, 0.5760097858510582, -0.006135923151542565, -0.01380582709097077, 0.5036112934996717]","[0.0, 0.0, 0.0, 0.0, 0.0, 0.0]","[0.022814, 0.022814, 0.45628, 0.022814, 0.022814, 0.0]"
STATE_MOTOR,2186670.5620195717,"[-0.011504855909142308, 0.015339807878856412, 0.5760097858510582, -0.006135923151542565, -0.01380582709097077, 0.5036112934996717]","[0.0, 0.0, 0.0, 0.0, 0.0, 0.0]","[0.022814, 0.022814, 0.410652, 0.0, 0.022814, 0.0]"
STATE_MOTOR,2206728.3769138157,"[-0.011504855909142308, 0.015339807878856412, 0.5760097858510582, -0.006135923151542565, -0.01380582709097077, 0.5036112934996717]","[0.0, 0.0, 0.0, 0.0, 0.0, 0.0]","[0.022814, 0.022814, 0.479094, 0.022814, 0.022814, 0.022814]"
STATE_MOTOR,2226786.8819180876,"[-0.011504855909142308, 0.015339807878856412, 0.5760097858510582, -0.006135923151542565, -0.01380582709097077, 0.5036112934996717]","[0.0, 0.0, 0.0, 0.0, 0.0, 0.0]","[0.022814, 0.022814, 0.410652, 0.022814, 0.022814, 0.022814]"
STATE_MOTOR,2246846.3089317083,"[-0.011504855909142308, 0.015339807878856412, 0.5760097858510582, -0.006135923151542565, -0.01380582709097077, 0.5036112934996717]","[0.0, 0.0, 0.0, 0.0, 0.0, 0.0]","[0.022814, 0.022814, 0.433466, 0.0, 0.022814, 0.0]"
STATE_MOTOR,2266904.9149844795,"[-0.011504855909142308, 0.015339807878856412, 0.5760097858510582, -0.006135923151542565, -0.01380582709097077, 0.5036112934996717]","[0.0, 0.0, 0.0, 0.0, 0.0, 0.0]","[0.022814, 0.022814, 0.433466, 0.0, 0.045628, 0.022814]"
STATE_MOTOR,2286965.0130160153,"[-0.011504855909142308, 0.015339807878856412, 0.5760097858510582, -0.006135923151542565, -0.01380582709097077, 0.5036112934996717]","[0.0, 0.0, 0.0, 0.0, 0.0, 0.0]","[0.022814, 0.022814, 0.547536, 0.022814, 0.022814, 0.022814]"
STATE_MOTOR,2307021.114975214,"[-0.011504855909142308, 0.015339807878856412, 0.5760097858510582, -0.006135923151542565, -0.01380582709097077, 0.5036112934996717]","[0.0, 0.0, 0.0, 0.0, 0.0, 0.0]","[0.022814, 0.022814, 0.433466, 0.022814, 0.022814, 0.0]"
STATE_MOTOR,2327077.6480203494,"[-0.011504855909142308, 0.015339807878856412, 0.5760097858510582, -0.006135923151542565, -0.01380582709097077, 0.5036112934996717]","[0.0, 0.0, 0.0, 0.0, 0.0, 0.0]","[0.0, 0.0, 0.524722, 0.0, 0.045628, 0.022814]"
STATE_MOTOR,2347145.83796449,"[-0.011504855909142308, 0.015339807878856412, 0.5760097858510582, -0.006135923151542565, -0.01380582709097077, 0.5036112934996717]","[0.0, 0.0, 0.0, 0.0, 0.0, 0.0]","[0.022814, 0.0, 0.547536, 0.0, 0.045628, 0.022814]"
STATE_MOTOR,2367210.461990908,"[-0.011504855909142308, 0.015339807878856412, 0.5760097858510582, -0.006135923151542565, -0.01380582709097077, 0.5036112934996717]","[0.0, 0.0, 0.0, 0.0, 0.0, 0.0]","[0.022814, 0.0, 0.524722, 0.0, 0.045628, 0.022814]"
STATE_MOTOR,2387277.1399328485,"[-0.011504855909142308, 0.015339807878856412, 0.5760097858510582, -0.006135923151542565, -0.01380582709097077, 0.5036112934996717]","[0.0, 0.0, 0.0, 0.0, 0.0, 0.0]","[0.022814, 0.0, 0.45628, 0.022814, 0.022814, 0.022814]"
STATE_MOTOR,2407336.156931706,"[-0.011504855909142308, 0.015339807878856412, 0.5760097858510582, -0.006135923151542565, -0.01380582709097077, 0.5036112934996717]","[0.0, 0.0, 0.0, 0.0, 0.0, 0.0]","[0.022814, 0.0, 0.593164, 0.022814, 0.045628, 0.0]"
STATE_MOTOR,2427392.0379346237,"[-0.011504855909142308, 0.015339807878856412, 0.5760097858510582, -0.006135923151542565, -0.01380582709097077, 0.5036112934996717]","[0.0, 0.0, 0.0, 0.0, 0.0, 0.0]","[0.022814, 0.0, 0.615978, 0.022814, 0.022814, 0.022814]"
STATE_MOTOR,2447449.5329195634,"[-0.011504855909142308, 0.015339807878856412, 0.5760097858510582, -0.006135923151542565, -0.01380582709097077, 0.5036112934996717]","[0.0, 0.0, 0.0, 0.0, 0.0, 0.0]","[0.022814, 0.0, 0.501908, 0.022814, 0.045628, 0.0]"
STATE_MOTOR,2467515.1489209384,"[-0.011504855909142308, 0.015339807878856412, 0.5760097858510582, -0.006135923151542565, -0.01380582709097077, 0.5036112934996717]","[0.0, 0.0, 0.0, 0.0, 0.0, 0.0]","[0.0, 0.0, 0.524722, 0.0, 0.022814, 0.0]"
STATE_MOTOR,2487576.909014024,"[-0.011504855909142308, 0.01687378866674205, 0.5760097858510582, -0.006135923151542565, -0.01380582709097077, 0.5036112934996717]","[0.0, 0.07669903939428206, 0.0, 0.0, 0.0, 0.0]","[0.022814, 0.0, 0.593164, 0.0, 0.022814, 0.022814]"
STATE_MOTOR,2507635.1040042937,"[-0.011504855909142308, 0.021475731030398976, 0.5760097858510582, -0.006135923151542565, -0.01380582709097077, 0.5036112934996717]","[0.0, 0.23009711818284617, 0.0, 0.0, 0.0, 0.0]","[0.022814, 0.0, 0.524722, 0.022814, 0.022814, 0.0]"
STATE_MOTOR,2527695.0519764796,"[-0.011504855909142308, 0.02454369260617026, 0.5760097858510582, -0.006135923151542565, -0.01380582709097077, 0.5036112934996717]","[0.0, 0.15339807878856412, 0.0, 0.0, 0.0, 0.0]","[0.022814, 0.0, 0.615978, 0.022814, 0.022814, 0.022814]"
STATE_MOTOR,2547752.8269402683,"[-0.011504855909142308, 0.02761165418194154, 0.5760097858510582, -0.006135923151542565, -0.01380582709097077, 0.5036112934996717]","[0.0, 0.15339807878856412, 0.0, 0.0, 0.0, 0.0]","[0.022814, 0.022814, 0.501908, 0.022814, 0.022814, 0.022814]"
STATE_MOTOR,2567816.609982401,"[-0.011504855909142308, 0.032213596545598466, 0.5744758050631726, -0.006135923151542565, -0.01380582709097077, 0.5036112934996717]","[0.0, 0.15339807878856412, 0.0, 0.0, 0.0, 0.0]","[0.022814, 0.022814, 0.68442, 0.022814, 0.045628, 0.022814]"
STATE_MOTOR,2587878.771009855,"[-0.011504855909142308, 0.035281558121369745, 0.5714078434874014, -0.006135923151542565, -0.01380582709097077, 0.5036112934996717]","[0.0, 0.23009711818284617, -0.15339807878856412, 0.0, 0.0, 0.0]","[0.022814, 0.022814, 0.615978, 0.022814, 0.022814, 0.022814]"
STATE_MOTOR,2607934.692990966,"[-0.011504855909142308, 0.035281558121369745, 0.5698738626995157, -0.006135923151542565, -0.01380582709097077, 0.5036112934996717]","[0.0, 0.0, -0.07669903939428206, 0.0, 0.0, 0.0]","[0.022814, 0.0, 0.501908, 0.022814, 0.045628, 0.022814]"
STATE_MOTOR,2627992.066903971,"[-0.011504855909142308, 0.03681553890925539, 0.5698738626995157, -0.006135923151542565, -0.01380582709097077, 0.5036112934996717]","[0.0, 0.07669903939428206, -0.07669903939428206, 0.0, 0.0, 0.0]","[0.022814, 0.0, 0.661606, 0.022814, 0.022814, 0.022814]"
STATE_MOTOR,2648049.1699185222,"[-0.011504855909142308, 0.03681553890925539, 0.5698738626995157, -0.006135923151542565, -0.01380582709097077, 0.5036112934996717]","[0.0, 0.0, 0.0, 0.0, 0.0, 0.0]","[0.022814, 0.0, 0.752862, 0.022814, 0.022814, 0.022814]"
STATE_MOTOR,2668105.52298557,"[-0.011504855909142308, 0.03681553890925539, 0.5683398819116301, -0.006135923151542565, -0.01380582709097077, 0.5036112934996717]","[0.0, 0.0, -0.07669903939428206, 0.0, 0.0, 0.0]","[0.022814, 0.0, 0.479094, 0.022814, 0.022814, 0.022814]"
STATE_MOTOR,2688164.749997668,"[-0.011504855909142308, 0.03681553890925539, 0.5652719203358587, -0.006135923151542565, -0.01380582709097077, 0.5036112934996717]","[0.0, 0.0, -0.07669903939428206, 0.0, 0.0, 0.0]","[0.022814, 0.0, 0.45628, 0.0, 0.022814, 0.0]"
STATE_MOTOR,2708222.3339239135,"[-0.011504855909142308, 0.03834951969714103, 0.5622039587600874, -0.006135923151542565, -0.01380582709097077, 0.5036112934996717]","[0.0, 0.07669903939428206, -0.23009711818284617, 0.0, 0.0, 0.0]","[0.022814, 0.0, 0.57035, 0.0, 0.022814, 0.022814]"
STATE_MOTOR,2728279.647999443,"[-0.011504855909142308, 0.04295146206079795, 0.5591359971843162, -0.006135923151542565, -0.01380582709097077, 0.5036112934996717]","[0.0, 0.23009711818284617, -0.07669903939428206, 0.0, 0.0, 0.0]","[0.022814, 0.0, 0.479094, 0.022814, 0.022814, 0.022814]"
STATE_MOTOR,2748336.8009561673,"[-0.011504855909142308, 0.044485442848683596, 0.5560680356085449, -0.006135923151542565, -0.01380582709097077, 0.5036112934996717]","[0.0, 0.07669903939428206, -0.15339807878856412, 0.0, 0.0, 0.0]","[0.022814, 0.0, 0.410652, 0.0, 0.045628, 0.022814]"
STATE_MOTOR,2768391.3810178638,"[-0.011504855909142308, 0.04601942363656923, 0.5530000740327736, -0.006135923151542565, -0.01380582709097077, 0.5036112934996717]","[0.0, 0.07669903939428206, -0.23009711818284617, 0.0, 0.0, 0.0]","[0.022814, 0.0, 0.615978, 0.0, 0.045628, 0.022814]"
STATE_MOTOR,2788450.6279369816,"[-0.011504855909142308, 0.047553404424454875, 0.5499321124570024, -0.006135923151542565, -0.01380582709097077, 0.5036112934996717]","[0.0, 0.07669903939428206, -0.07669903939428206, 0.0, 0.0, 0.0]","[0.022814, 0.0, 0.365024, 0.022814, 0.022814, 0.022814]"
STATE_MOTOR,2808507.4509726837,"[-0.011504855909142308, 0.052155346788111796, 0.5483981316691167, -0.006135923151542565, -0.01380582709097077, 0.5036112934996717]","[0.0, 0.15339807878856412, -0.15339807878856412, 0.0, 0.0, 0.0]","[0.022814, 0.022814, 0.410652, 0.0, 0.045628, 0.022814]"
STATE_MOTOR,2828565.335017629,"[-0.011504855909142308, 0.05368932757599744, 0.5468641508812311, -0.006135923151542565, -0.01380582709097077, 0.5036112934996717]","[0.0, 0.15339807878856412, 0.0, 0.0, 0.0, 0.0]","[0.022814, 0.0, 0.365024, 0.022814, 0.022814, 0.022814]"
STATE_MOTOR,2848623.0599228293,"[-0.011504855909142308, 0.056757289151768725, 0.5453301700933454, -0.006135923151542565, -0.01380582709097077, 0.5036112934996717]","[0.0, 0.07669903939428206, -0.15339807878856412, 0.0, 0.0, 0.0]","[0.022814, 0.0, 0.410652, 0.0, 0.022814, 0.0]"
STATE_MOTOR,2868680.97493425,"[-0.011504855909142308, 0.059825250727540004, 0.5453301700933454, -0.006135923151542565, -0.01380582709097077, 0.5036112934996717]","[0.0, 0.15339807878856412, 0.0, 0.0, 0.0, 0.0]","[0.022814, 0.022814, 0.68442, 0.0, 0.022814, 0.0]"
STATE_MOTOR,2888738.698908128,"[-0.011504855909142308, 0.06289321230331128, 0.5453301700933454, -0.006135923151542565, -0.01380582709097077, 0.5036112934996717]","[0.0, 0.23009711818284617, 0.0, 0.0, 0.0, 0.0]","[0.022814, 0.0, 0.433466, 0.0, 0.022814, 0.0]"
STATE_MOTOR,2908796.3639758527,"[-0.011504855909142308, 0.06596117387908257, 0.5422622085175741, -0.006135923151542565, -0.01380582709097077, 0.5036112934996717]","[0.0, 0.15339807878856412, -0.07669903939428206, 0.0, 0.0, 0.0]","[0.022814, 0.022814, 0.593164, 0.022814, 0.022814, 0.0]"
STATE_MOTOR,2928855.459904298,"[-0.011504855909142308, 0.06902913545485385, 0.5422622085175741, -0.006135923151542565, -0.01380582709097077, 0.5036112934996717]","[0.0, 0.15339807878856412, -0.07669903939428206, 0.0, 0.0, 0.0]","[0.022814, 0.022814, 0.45628, 0.022814, 0.022814, 0.022814]"
STATE_MOTOR,2948918.061912991,"[-0.011504855909142308, 0.07209709703062514, 0.5422622085175741, -0.006135923151542565, -0.01380582709097077, 0.5036112934996717]","[0.0, 0.15339807878856412, 0.0, 0.0, 0.0, 0.0]","[0.022814, 0.0, 0.57035, 0.022814, 0.045628, 0.022814]"
STATE_MOTOR,2968975.0249963254,"[-0.011504855909142308, 0.07363107781851078, 0.5422622085175741, -0.006135923151542565, -0.01380582709097077, 0.5036112934996717]","[0.0, 0.07669903939428206, 0.0, 0.0, 0.0, 0.0]","[0.022814, 0.022814, 0.547536, 0.022814, 0.045628, 0.022814]"
STATE_MOTOR,2989042.96499677,"[-0.011504855909142308, 0.07363107781851078, 0.5422622085175741, -0.006135923151542565, -0.01380582709097077, 0.5036112934996717]","[0.0, 0.0, 0.0, 0.0, 0.0, 0.0]","[0.022814, 0.0, 0.524722, 0.022814, 0.022814, 0.022814]"
STATE_MOTOR,3009104.6349843964,"[-0.011504855909142308, 0.07363107781851078, 0.5422622085175741, -0.006135923151542565, -0.01380582709097077, 0.5036112934996717]","[0.0, 0.0, 0.0, 0.0, 0.0, 0.0]","[0.022814, 0.0, 0.524722, 0.022814, 0.022814, 0.022814]"
STATE_MOTOR,3029191.9339215383,"[-0.011504855909142308, 0.0782330201821677, 0.5422622085175741, -0.006135923151542565, -0.01380582709097077, 0.5036112934996717]","[0.0, 0.15339807878856412, 0.0, 0.0, 0.0, 0.0]","[0.022814, 0.0, 0.730048, 0.0, 0.022814, 0.022814]"
STATE_MOTOR,3049247.6749932393,"[-0.009970875121256667, 0.08283496254582462, 0.5391942469418028, -0.006135923151542565, -0.01380582709097077, 0.5036112934996717]","[0.0, 0.23009711818284617, 0.0, 0.0, 0.0, 0.0]","[0.022814, 0.0, 0.45628, 0.022814, 0.022814, 0.0]"
