type,timestamp,positions,velocities,torques
STATE_MOTOR,5.578040145337582,"[-0.006902913545485385, 0.0046019423636569235, 0.5760097858510582, -0.0015339807878856412, -0.007669903939428206, 0.49573210768220616]","[0.0, 0.0, 0.0, 0.0, 0.0, 0.0]","[0.022814, 0.0, 0.410652, 0.0, 0.022814, 0.022814]"
STATE_MOTOR,20081.414957530797,"[-0.006902913545485385, 0.0046019423636569235, 0.5760097858510582, -0.0015339807878856412, -0.007669903939428206, 0.49573210768220616]","[0.0, 0.0, 0.0, 0.0, 0.0, 0.0]","[0.022814, 0.0, 0.547536, 0.0, 0.022814, 0.022814]"
STATE_MOTOR,40139.18503187597,"[-0.006902913545485385, 0.0046019423636569235, 0.5760097858510582, -0.0015339807878856412, -0.007669903939428206, 0.49573210768220616]","[0.0, 0.0, 0.0, 0.0, 0.0, 0.0]","[0.022814, 0.0, 0.387838, 0.0, 0.0, 0.022814]"
STATE_MOTOR,60197.25603982806,"[-0.006902913545485385, 0.0046019423636569235, 0.5760097858510582, -0.0015339807878856412, -0.007669903939428206, 0.49573210768220616]","[0.0, 0.0, 0.0, 0.0, 0.0, 0.0]","[0.022814, 0.0, 0.501908, 0.0, 0.022814, 0.0]"
STATE_MOTOR,80254.52494621277,"[-0.006902913545485385, 0.0046019423636569235, 0.5760097858510582, -0.0015339807878856412, -0.007669903939428206, 0.49573210768220616]","[0.0, 0.0, 0.0, 0.0, 0.0, 0.0]","[0.022814, 0.0, 0.433466, 0.0, 0.022814, 0.022814]"
STATE_MOTOR,100309.97102148831,"[-0.006902913545485385, 0.0046019423636569235, 0.5760097858510582, -0.0015339807878856412, -0.007669903939428206, 0.49573210768220616]","[0.0, 0.0, 0.0, 0.0, 0.0, 0.0]","[0.022814, 0.0, 0.479094, 0.0, 0.0, 0.022814]"
STATE_MOTOR,120368.1620536372,"[-0.006902913545485385, 0.0046019423636569235, 0.5760097858510582, -0.0015339807878856412, -0.007669903939428206, 0.49573210768220616]","[0.0, 0.0, 0.0, 0.0, 0.0, 0.0]","[0.022814, 0.0, 0.433466, 0.0, 0.0, 0.022814]"
STATE_MOTOR,140427.19395365566,"[-0.006902913545485385, 0.0046019423636569235, 0.5760097858510582, -0.0015339807878856412, -0.007669903939428206, 0.49573210768220616]","[0.0, 0.0, 0.0, 0.0, 0.0, 0.0]","[0.0, 0.0, 0.524722, 0.0, 0.022814, 0.022814]"
STATE_MOTOR,160485.46496313065,"[-0.006902913545485385, 0.0046019423636569235, 0.5760097858510582, -0.0015339807878856412, -0.007669903939428206, 0.49573210768220616]","[0.0, 0.0, 0.0, 0.0, 0.0, 0.0]","[0.0, 0.0, 0.501908, 0.0, 0.0, 0.0]"
STATE_MOTOR,180544.04598660767,"[-0.006902913545485385, 0.0046019423636569235, 0.5760097858510582, -0.0015339807878856412, -0.007669903939428206, 0.49573210768220616]","[0.0, 0.0, 0.0, 0.0, 0.0, 0.0]","[0.022814, 0.0, 0.547536, 0.0, 0.022814, 0.0]"
STATE_MOTOR,200604.9109622836,"[-0.006902913545485385, 0.0046019423636569235, 0.5760097858510582, -0.0015339807878856412, -0.007669903939428206, 0.49573210768220616]","[0.0, 0.0, 0.0, 0.0, 0.0, 0.0]","[0.022814, 0.0, 0.45628, 0.0, 0.0, 0.022814]"
STATE_MOTOR,220663.80199976265,"[-0.006902913545485385, 0.0046019423636569235, 0.5760097858510582, -0.0015339807878856412, -0.007669903939428206, 0.49573210768220616]","[0.0, 0.0, 0.0, 0.0, 0.0, 0.0]","[0.022814, 0.0, 0.410652, 0.0, 0.022814, 0.0]"
STATE_MOTOR,240719.4790430367,"[-0.006902913545485385, 0.0046019423636569235, 0.5760097858510582, -0.0015339807878856412, -0.007669903939428206, 0.49573210768220616]","[0.0, 0.0, 0.0, 0.0, 0.0, 0.0]","[0.022814, 0.022814, 0.410652, 0.0, 0.0, 0.022814]"
STATE_MOTOR,260777.66995877028,"[-0.006902913545485385, 0.0046019423636569235, 0.5760097858510582, -0.0015339807878856412, -0.007669903939428206, 0.49573210768220616]","[0.0, 0.0, 0.0, 0.0, 0.0, 0.0]","[0.022814, 0.0, 0.524722, 0.0, 0.022814, 0.0]"
STATE_MOTOR,280835.4899752885,"[-0.006902913545485385, 0.0046019423636569235, 0.5760097858510582, -0.0015339807878856412, -0.007669903939428206, 0.49573210768220616]","[0.0, 0.0, 0.0, 0.0, 0.0, 0.0]","[0.0, 0.0, 0.45628, 0.0, 0.022814, 0.022814]"
STATE_MOTOR,300894.02105659246,"[-0.006902913545485385, 0.0046019423636569235, 0.5760097858510582, -0.0015339807878856412, -0.007669903939428206, 0.49573210768220616]","[0.0, 0.0, 0.0, 0.0, 0.0, 0.0]","[0.022814, 0.0, 0.410652, 0.0, 0.0, 0.022814]"
STATE_MOTOR,320951.1899622157,"[-0.006902913545485385, 0.0046019423636569235, 0.5760097858510582, -0.0015339807878856412, -0.007669903939428206, 0.49573210768220616]","[0.0, 0.0, 0.0, 0.0, 0.0, 0.0]","[0.022814, 0.0, 0.501908, 0.0, 0.0, 0.022814]"
STATE_MOTOR,341007.78901483864,"[-0.006902913545485385, 0.0046019423636569235, 0.5760097858510582, -0.0015339807878856412, -0.007669903939428206, 0.49573210768220616]","[0.0, 0.0, 0.0, 0.0, 0.0, 0.0]","[0.022814, 0.0, 0.387838, 0.0, 0.022814, 0.022814]"
STATE_MOTOR,361066.9010085985,"[-0.006902913545485385, 0.0046019423636569235, 0.5760097858510582, -0.0015339807878856412, -0.007669903939428206, 0.49573210768220616]","[0.0, 0.0, 0.0, 0.0, 0.0, 0.0]","[0.022814, 0.0, 0.410652, 0.0, 0.022814, 0.0]"
STATE_MOTOR,381125.22196024656,"[-0.006902913545485385, 0.0046019423636569235, 0.5760097858510582, -0.0015339807878856412, -0.007669903939428206, 0.49573210768220616]","[0.0, 0.0, 0.0, 0.0, 0.0, 0.0]","[0.022814, 0.0, 0.410652, 0.0, 0.022814, 0.0]"
STATE_MOTOR,401181.8199651316,"[-0.006902913545485385, 0.0046019423636569235, 0.5760097858510582, -0.0015339807878856412, -0.007669903939428206, 0.49573210768220616]","[0.0, 0.0, 0.0, 0.0, 0.0, 0.0]","[0.022814, 0.0, 0.410652, 0.0, 0.022814, 0.022814]"
STATE_MOTOR,421238.7390434742,"[-0.006902913545485385, 0.0046019423636569235, 0.5760097858510582, -0.0015339807878856412, -0.007669903939428206, 0.49573210768220616]","[0.0, 0.0, 0.0, 0.0, 0.0, 0.0]","[0.022814, 0.022814, 0.387838, 0.0, 0.022814, 0.022814]"
STATE_MOTOR,441295.0159749016,"[-0.006902913545485385, 0.0046019423636569235, 0.5760097858510582, -0.0015339807878856412, -0.007669903939428206, 0.49573210768220616]","[0.0, 0.0, 0.0, 0.0, 0.0, 0.0]","[0.022814, 0.0, 0.410652, 0.0, 0.022814, 0.0]"
STATE_MOTOR,461352.98698209226,"[-0.006902913545485385, 0.0046019423636569235, 0.5760097858510582, -0.0015339807878856412, -0.007669903939428206, 0.49573210768220616]","[0.0, 0.0, 0.0, 0.0, 0.0, 0.0]","[0.0, 0.0, 0.524722, 0.0, 0.022814, 0.0]"
STATE_MOTOR,481410.86695250124,"[-0.006902913545485385, 0.0046019423636569235, 0.5760097858510582, -0.0015339807878856412, -0.007669903939428206, 0.49573210768220616]","[0.0, 0.0, 0.0, 0.0, 0.0, 0.0]","[0.0, 0.0, 0.45628, 0.0, 0.022814, 0.0]"
STATE_MOTOR,501468.33597682416,"[-0.006902913545485385, 0.0046019423636569235, 0.5760097858510582, -0.0015339807878856412, -0.007669903939428206, 0.49573210768220616]","[0.0, 0.0, 0.0, 0.0, 0.0, 0.0]","[0.022814, 0.0, 0.524722, 0.0, 0.0, 0.0]"
STATE_MOTOR,521524.4139544666,"[-0.006902913545485385, 0.0046019423636569235, 0.5760097858510582, -0.0015339807878856412, -0.007669903939428206, 0.49573210768220616]","[0.0, 0.0, 0.0, 0.0, 0.0, 0.0]","[0.022814, 0.0, 0.433466, 0.0, 0.022814, 0.0]"
STATE_MOTOR,541581.6330350935,"[-0.006902913545485385, 0.0046019423636569235, 0.5760097858510582, -0.0015339807878856412, -0.007669903939428206, 0.49573210768220616]","[0.0, 0.0, 0.0, 0.0, 0.0, 0.0]","[0.0, 0.0, 0.410652, 0.0, 0.022814, 0.022814]"
STATE_MOTOR,561641.055974178,"[-0.006902913545485385, 0.0046019423636569235, 0.5760097858510582, -0.0015339807878856412, -0.007669903939428206, 0.49573210768220616]","[0.0, 0.0, 0.0, 0.0, 0.0, 0.0]","[0.022814, 0.022814, 0.479094, 0.0, 0.022814, 0.022814]"
STATE_MOTOR,581698.5049750656,"[-0.006902913545485385, 0.0046019423636569235, 0.5760097858510582, -0.0015339807878856412, -0.007669903939428206, 0.49573210768220616]","[0.0, 0.0, 0.0, 0.0, 0.0, 0.0]","[0.022814, 0.0, 0.410652, 0.0, 0.0, 0.0]"
STATE_MOTOR,601755.7850573212,"[-0.006902913545485385, 0.0046019423636569235, 0.5760097858510582, -0.0015339807878856412, -0.007669903939428206, 0.49573210768220616]","[0.0, 0.0, 0.0, 0.0, 0.0, 0.0]","[0.0, 0.022814, 0.524722, 0.0, 0.0, 0.0]"
STATE_MOTOR,621813.0839988589,"[-0.006902913545485385, 0.0046019423636569235, 0.5760097858510582, -0.0015339807878856412, -0.007669903939428206, 0.49573210768220616]","[0.0, 0.0, 0.0, 0.0, 0.0, 0.0]","[0.0, 0.0, 0.410652, 0.0, 0.022814, 0.022814]"
STATE_MOTOR,641871.3349848986,"[-0.006902913545485385, 0.0046019423636569235, 0.5760097858510582, -0.0015339807878856412, -0.007669903939428206, 0.49573210768220616]","[0.0, 0.0, 0.0, 0.0, 0.0, 0.0]","[0.022814, 0.0, 0.57035, 0.0, 0.0, 0.022814]"
STATE_MOTOR,661929.4550037012,"[-0.006902913545485385, 0.0046019423636569235, 0.5760097858510582, -0.0015339807878856412, -0.007669903939428206, 0.49573210768220616]","[0.0, 0.0, 0.0, 0.0, 0.0, 0.0]","[0.022814, 0.0, 0.524722, 0.0, 0.022814, 0.0]"
STATE_MOTOR,681985.5630164966,"[-0.006902913545485385, 0.0046019423636569235, 0.5760097858510582, -0.0015339807878856412, -0.007669903939428206, 0.49573210768220616]","[0.0, 0.0, 0.0, 0.0, 0.0, 0.0]","[0.0, 0.022814, 0.387838, 0.0, 0.022814, 0.022814]"
STATE_MOTOR,702044.824953191,"[-0.006902913545485385, 0.0046019423636569235, 0.5760097858510582, -0.0015339807878856412, -0.007669903939428206, 0.49573210768220616]","[0.0, 0.0, 0.0, 0.0, 0.0, 0.0]","[0.0, 0.022814, 0.524722, 0.0, 0.022814, 0.022814]"
STATE_MOTOR,722101.8939744681,"[-0.006902913545485385, 0.0046019423636569235, 0.5760097858510582, -0.0015339807878856412, -0.007669903939428206, 0.49573210768220616]","[0.0, 0.0, 0.0, 0.0, 0.0, 0.0]","[0.0, 0.0, 0.479094, 0.0, 0.022814, 0.0]"
STATE_MOTOR,742161.2360049039,"[-0.006902913545485385, 0.0046019423636569235, 0.5760097858510582, -0.0015339807878856412, -0.007669903939428206, 0.49573210768220616]","[0.0, 0.0, 0.0, 0.0, 0.0, 0.0]","[0.022814, 0.0, 0.410652, 0.0, 0.022814, 0.022814]"
STATE_MOTOR,762220.0780315325,"[-0.006902913545485385, 0.0046019423636569235, 0.5760097858510582, -0.0015339807878856412, -0.007669903939428206, 0.49573210768220616]","[0.0, 0.0, 0.0, 0.0, 0.0, 0.0]","[0.022814, 0.0, 0.479094, 0.0, 0.022814, 0.022814]"
STATE_MOTOR,782276.4459997416,"[-0.006902913545485385, 0.0046019423636569235, 0.5760097858510582, -0.0015339807878856412, -0.007669903939428206, 0.49573210768220616]","[0.0, 0.0, 0.0, 0.0, 0.0, 0.0]","[0.022814, 0.022814, 0.410652, 0.0, 0.022814, 0.0]"
STATE_MOTOR,802334.5570545644,"[-0.006902913545485385, 0.0046019423636569235, 0.5760097858510582, -0.0015339807878856412, -0.007669903939428206, 0.49573210768220616]","[0.0, 0.0, 0.0, 0.0, 0.0, 0.0]","[0.022814, 0.0, 0.524722, 0.0, 0.022814, 0.022814]"
STATE_MOTOR,822393.1579850614,"[-0.006902913545485385, 0.0046019423636569235, 0.5760097858510582, -0.0015339807878856412, -0.007669903939428206, 0.49573210768220616]","[0.0, 0.0, 0.0, 0.0, 0.0, 0.0]","[0.022814, 0.022814, 0.433466, 0.0, 0.022814, 0.0]"
STATE_MOTOR,842451.0180484504,"[-0.006902913545485385, 0.0046019423636569235, 0.5760097858510582, -0.0015339807878856412, -0.007669903939428206, 0.49573210768220616]","[0.0, 0.0, 0.0, 0.0, 0.0, 0.0]","[0.022814, 0.0, 0.410652, 0.0, 0.022814, 0.022814]"
STATE_MOTOR,862508.8479602709,"[-0.006902913545485385, 0.0046019423636569235, 0.5760097858510582, -0.0015339807878856412, -0.007669903939428206, 0.49573210768220616]","[0.0, 0.0, 0.0, 0.0, 0.0, 0.0]","[0.022814, 0.0, 0.387838, 0.0, 0.0, 0.022814]"
STATE_MOTOR,882565.557025373,"[-0.006902913545485385, 0.0046019423636569235, 0.5760097858510582, -0.0015339807878856412, -0.007669903939428206, 0.49573210768220616]","[0.0, 0.0, 0.0, 0.0, 0.0, 0.0]","[0.022814, 0.0, 0.479094, 0.0, 0.022814, 0.0]"
STATE_MOTOR,902625.1500472426,"[-0.006902913545485385, 0.0046019423636569235, 0.5760097858510582, -0.0015339807878856412, -0.007669903939428206, 0.49573210768220616]","[0.0, 0.0, 0.0, 0.0, 0.0, 0.0]","[0.022814, 0.0, 0.410652, 0.0, 0.022814, 0.022814]"
STATE_MOTOR,922682.8300161287,"[-0.006902913545485385, 0.0046019423636569235, 0.5760097858510582, -0.0015339807878856412, -0.007669903939428206, 0.49573210768220616]","[0.0, 0.0, 0.0, 0.0, 0.0, 0.0]","[0.0, 0.022814, 0.410652, 0.0, 0.022814, 0.022814]"
STATE_MOTOR,942740.0690037757,"[-0.006902913545485385, 0.0046019423636569235, 0.5760097858510582, -0.0015339807878856412, -0.007669903939428206, 0.49573210768220616]","[0.0, 0.0, 0.0, 0.0, 0.0, 0.0]","[0.022814, 0.0, 0.410652, 0.0, 0.0, 0.022814]"
STATE_MOTOR,962797.528016381,"[-0.006902913545485385, 0.0046019423636569235, 0.5760097858510582, -0.0015339807878856412, -0.007669903939428206, 0.49573210768220616]","[0.0, 0.0, 0.0, 0.0, 0.0, 0.0]","[0.022814, 0.022814, 0.410652, 0.0, 0.022814, 0.022814]"
STATE_MOTOR,982855.9800516814,"[-0.006902913545485385, 0.0046019423636569235, 0.5760097858510582, -0.0015339807878856412, -0.007669903939428206, 0.49573210768220616]","[0.0, 0.0, 0.0, 0.0, 0.0, 0.0]","[0.022814, 0.0, 0.410652, 0.0, 0.022814, 0.0]"
STATE_MOTOR,1002911.2059855834,"[-0.006902913545485385, 0.0046019423636569235, 0.5760097858510582, -0.0015339807878856412, -0.007669903939428206, 0.49573210768220616]","[0.0, 0.0, 0.0, 0.0, 0.0, 0.0]","[0.0, 0.0, 0.479094, 0.0, 0.022814, 0.0]"
STATE_MOTOR,1022991.118952632,"[-0.006902913545485385, 0.0046019423636569235, 0.5760097858510582, -0.0015339807878856412, -0.007669903939428206, 0.49573210768220616]","[0.0, 0.0, 0.0, 0.0, 0.0, 0.0]","[0.022814, 0.022814, 0.547536, 0.0, 0.022814, 0.022814]"
STATE_MOTOR,1043048.4879761934,"[-0.006902913545485385, 0.0046019423636569235, 0.5760097858510582, -0.0015339807878856412, -0.007669903939428206, 0.49573210768220616]","[0.0, 0.0, 0.0, 0.0, 0.0, 0.0]","[0.0, 0.0, 0.524722, 0.0, 0.022814, 0.022814]"
STATE_MOTOR,1063104.8260256648,"[-0.006902913545485385, 0.0046019423636569235, 0.5760097858510582, -0.0015339807878856412, -0.007669903939428206, 0.49573210768220616]","[0.0, 0.0, 0.0, 0.0, 0.0, 0.0]","[0.022814, 0.0, 0.547536, 0.0, 0.022814, 0.022814]"
STATE_MOTOR,1083161.465008743,"[-0.006902913545485385, 0.0046019423636569235, 0.5760097858510582, -0.0015339807878856412, -0.007669903939428206, 0.49573210768220616]","[0.0, 0.0, 0.0, 0.0, 0.0, 0.0]","[0.022814, 0.0, 0.433466, 0.0, 0.0, 0.022814]"
STATE_MOTOR,1103219.514945522,"[-0.006902913545485385, 0.0046019423636569235, 0.5760097858510582, -0.0015339807878856412, -0.007669903939428206, 0.49573210768220616]","[0.0, 0.0, 0.0, 0.0, 0.0, 0.0]","[0.022814, 0.0, 0.410652, 0.0, 0.0, 0.0]"
STATE_MOTOR,1123276.2640574947,"[-0.006902913545485385, 0.0046019423636569235, 0.5760097858510582, -0.0015339807878856412, -0.007669903939428206, 0.49573210768220616]","[0.0, 0.0, 0.0, 0.0, 0.0, 0.0]","[0.022814, 0.022814, 0.45628, 0.0, 0.0, 0.0]"
STATE_MOTOR,1143333.8839560747,"[-0.006902913545485385, 0.0046019423636569235, 0.5760097858510582, -0.0015339807878856412, -0.007669903939428206, 0.49573210768220616]","[0.0, 0.0, 0.0, 0.0, 0.0, 0.0]","[0.0, 0.0, 0.387838, 0.0, 0.022814, 0.0]"
STATE_MOTOR,1163391.6139835492,"[-0.006902913545485385, 0.0046019423636569235, 0.5760097858510582, -0.0015339807878856412, -0.007669903939428206, 0.49573210768220616]","[0.0, 0.0, 0.0, 0.0, 0.0, 0.0]","[0.0, 0.0, 0.479094, 0.0, 0.022814, 0.022814]"
STATE_MOTOR,1183448.803029023,"[-0.006902913545485385, 0.0046019423636569235, 0.5760097858510582, -0.0015339807878856412, -0.007669903939428206, 0.49573210768220616]","[0.0, 0.0, 0.0, 0.0, 0.0, 0.0]","[0.022814, 0.0, 0.410652, 0.0, 0.022814, 0.022814]"
STATE_MOTOR,1203506.5030213445,"[-0.006902913545485385, 0.0046019423636569235, 0.5760097858510582, -0.0015339807878856412, -0.007669903939428206, 0.49573210768220616]","[0.0, 0.0, 0.0, 0.0, 0.0, 0.0]","[0.0, 0.022814, 0.410652, 0.0, 0.0, 0.022814]"
STATE_MOTOR,1223564.1130246222,"[-0.006902913545485385, 0.0046019423636569235, 0.5760097858510582, -0.0015339807878856412, -0.007669903939428206, 0.49573210768220616]","[0.0, 0.0, 0.0, 0.0, 0.0, 0.0]","[0.022814, 0.022814, 0.387838, 0.0, 0.022814, 0.022814]"
STATE_MOTOR,1243620.291003026,"[-0.006902913545485385, 0.0046019423636569235, 0.5760097858510582, -0.0015339807878856412, -0.007669903939428206, 0.49573210768220616]","[0.0, 0.0, 0.0, 0.0, 0.0, 0.0]","[0.0, 0.0, 0.501908, 0.0, 0.0, 0.022814]"
STATE_MOTOR,1263675.2059916034,"[-0.006902913545485385, 0.0046019423636569235, 0.5760097858510582, -0.0015339807878856412, -0.007669903939428206, 0.49573210768220616]","[0.0, 0.0, 0.0, 0.0, 0.0, 0.0]","[0.022814, 0.0, 0.433466, 0.0, 0.0, 0.022814]"
STATE_MOTOR,1283730.70305679,"[-0.006902913545485385, 0.0046019423636569235, 0.5760097858510582, -0.0015339807878856412, -0.007669903939428206, 0.49573210768220616]","[0.0, 0.0, 0.0, 0.0, 0.0, 0.0]","[0.022814, 0.0, 0.524722, 0.0, 0.0, 0.0]"
STATE_MOTOR,1303787.6520538703,"[-0.006902913545485385, 0.0046019423636569235, 0.5760097858510582, -0.0015339807878856412, -0.007669903939428206, 0.49573210768220616]","[0.0, 0.0, 0.0, 0.0, 0.0, 0.0]","[0.022814, 0.022814, 0.387838, 0.0, 0.022814, 0.022814]"
STATE_MOTOR,1323844.4209564477,"[-0.006902913545485385, 0.0046019423636569235, 0.5760097858510582, -0.0015339807878856412, -0.007669903939428206, 0.49573210768220616]","[0.0, 0.0, 0.0, 0.0, 0.0, 0.0]","[0.022814, 0.0, 0.45628, 0.0, 0.022814, 0.0]"
STATE_MOTOR,1343903.2620517537,"[-0.006902913545485385, 0.0046019423636569235, 0.5760097858510582, -0.0015339807878856412, -0.007669903939428206, 0.49573210768220616]","[0.0, 0.0, 0.0, 0.0, 0.0, 0.0]","[0.022814, 0.0, 0.410652, 0.0, 0.0, 0.022814]"
STATE_MOTOR,1363962.605013512,"[-0.006902913545485385, 0.0046019423636569235, 0.5760097858510582, -0.0015339807878856412, -0.007669903939428206, 0.49573210768220616]","[0.0, 0.0, 0.0, 0.0, 0.0, 0.0]","[0.022814, 0.0, 0.410652, 0.0, 0.0, 0.022814]"
STATE_MOTOR,1384019.9339902028,"[-0.006902913545485385, 0.0046019423636569235, 0.5760097858510582, -0.0015339807878856412, -0.007669903939428206, 0.49573210768220616]","[0.0, 0.0, 0.0, 0.0, 0.0, 0.0]","[0.0, 0.0, 0.410652, 0.0, 0.022814, 0.022814]"
STATE_MOTOR,1404076.803009957,"[-0.006902913545485385, 0.0046019423636569235, 0.5760097858510582, -0.0015339807878856412, -0.007669903939428206, 0.49573210768220616]","[0.0, 0.0, 0.0, 0.0, 0.0, 0.0]","[0.0, 0.0, 0.433466, 0.0, 0.022814, 0.022814]"
STATE_MOTOR,1424133.1110242754,"[-0.006902913545485385, 0.0046019423636569235, 0.5760097858510582, -0.0015339807878856412, -0.007669903939428206, 0.49573210768220616]","[0.0, 0.0, 0.0, 0.0, 0.0, 0.0]","[0.022814, 0.0, 0.433466, 0.0, 0.022814, 0.045628]"
STATE_MOTOR,1444188.7279972434,"[-0.006902913545485385, 0.0046019423636569235, 0.5760097858510582, -0.0015339807878856412, -0.007669903939428206, 0.49573210768220616]","[0.0, 0.0, 0.0, 0.0, 0.0, 0.0]","[0.022814, 0.022814, 0.479094, 0.0, 0.022814, 0.022814]"
STATE_MOTOR,1464245.3660489991,"[-0.006902913545485385, 0.0046019423636569235, 0.5760097858510582, -0.0015339807878856412, -0.007669903939428206, 0.49573210768220616]","[0.0, 0.0, 0.0, 0.0, 0.0, 0.0]","[0.022814, 0.022814, 0.57035, 0.0, 0.0, 0.022814]"
STATE_MOTOR,1484300.0719556585,"[-0.006902913545485385, 0.0046019423636569235, 0.5760097858510582, -0.0015339807878856412, -0.007669903939428206, 0.49573210768220616]","[0.0, 0.0, 0.0, 0.0, 0.0, 0.0]","[0.022814, 0.022814, 0.410652, 0.0, 0.0, 0.022814]"
STATE_MOTOR,1504356.9100089371,"[-0.006902913545485385, 0.0046019423636569235, 0.5760097858510582, -0.0015339807878856412, -0.007669903939428206, 0.49573210768220616]","[0.0, 0.0, 0.0, 0.0, 0.0, 0.0]","[0.022814, 0.022814, 0.501908, 0.0, 0.022814, 0.0]"
STATE_MOTOR,1524412.887985818,"[-0.006902913545485385, 0.0046019423636569235, 0.5760097858510582, -0.0015339807878856412, -0.007669903939428206, 0.49573210768220616]","[0.0, 0.0, 0.0, 0.0, 0.0, 0.0]","[0.022814, 0.0, 0.433466, 0.0, 0.022814, 0.022814]"
STATE_MOTOR,1544470.0670195743,"[-0.006902913545485385, 0.0046019423636569235, 0.5760097858510582, -0.0015339807878856412, -0.007669903939428206, 0.49573210768220616]","[0.0, 0.0, 0.0, 0.0, 0.0, 0.0]","[0.0, 0.0, 0.501908, 0.0, 0.022814, 0.022814]"
STATE_MOTOR,1564525.5839917809,"[-0.006902913545485385, 0.0046019423636569235, 0.5760097858510582, -0.0015339807878856412, -0.007669903939428206, 0.49573210768220616]","[0.0, 0.0, 0.0, 0.0, 0.0, 0.0]","[0.0, 0.0, 0.410652, 0.0, 0.022814, 0.022814]"
STATE_MOTOR,1584582.1619732305,"[-0.006902913545485385, 0.0046019423636569235, 0.5760097858510582, -0.0015339807878856412, -0.007669903939428206, 0.49573210768220616]","[0.0, 0.0, 0.0, 0.0, 0.0, 0.0]","[0.0, 0.022814, 0.410652, 0.0, 0.0, 0.022814]"
STATE_MOTOR,1604639.8819889873,"[-0.006902913545485385, 0.0046019423636569235, 0.5760097858510582, -0.0015339807878856412, -0.007669903939428206, 0.49573210768220616]","[0.0, 0.0, 0.0, 0.0, 0.0, 0.0]","[0.0, 0.0, 0.410652, 0.0, 0.022814, 0.022814]"
STATE_MOTOR,1624696.3300509378,"[-0.006902913545485385, 0.0046019423636569235, 0.5760097858510582, -0.0015339807878856412, -0.007669903939428206, 0.49573210768220616]","[0.0, 0.0, 0.0, 0.0, 0.0, 0.0]","[0.022814, 0.0, 0.410652, 0.0, 0.022814, 0.022814]"
STATE_MOTOR,1644757.0950258523,"[-0.006902913545485385, 0.0046019423636569235, 0.5760097858510582, -0.0015339807878856412, -0.007669903939428206, 0.49573210768220616]","[0.0, 0.0, 0.0, 0.0, 0.0, 0.0]","[0.022814, 0.0, 0.501908, 0.0, 0.0, 0.0]"
STATE_MOTOR,1664818.3000506833,"[-0.006902913545485385, 0.0046019423636569235, 0.5760097858510582, -0.0015339807878856412, -0.007669903939428206, 0.49573210768220616]","[0.0, 0.0, 0.0, 0.0, 0.0, 0.0]","[0.022814, 0.0, 0.45628, 0.0, 0.022814, 0.0]"
STATE_MOTOR,1684877.802967094,"[-0.006902913545485385, 0.0046019423636569235, 0.5760097858510582, -0.0015339807878856412, -0.007669903939428206, 0.49573210768220616]","[0.0, 0.0, 0.0, 0.0, 0.0, 0.0]","[0.0, 0.022814, 0.57035, 0.0, 0.022814, 0.0]"
STATE_MOTOR,1704937.134985812,"[-0.006902913545485385, 0.0046019423636569235, 0.5760097858510582, -0.0015339807878856412, -0.007669903939428206, 0.49573210768220616]","[0.0, 0.0, 0.0, 0.0, 0.0, 0.0]","[0.022814, 0.0, 0.479094, 0.0, 0.022814, 0.022814]"
STATE_MOTOR,1724999.9729683623,"[-0.006902913545485385, 0.0046019423636569235, 0.5760097858510582, -0.0015339807878856412, -0.007669903939428206, 0.49573210768220616]","[0.0, 0.0, 0.0, 0.0, 0.0, 0.0]","[0.022814, 0.0, 0.387838, 0.0, 0.0, 0.022814]"
STATE_MOTOR,1745060.0060401484,"[-0.006902913545485385, 0.0046019423636569235, 0.5760097858510582, -0.0015339807878856412, -0.007669903939428206, 0.49573210768220616]","[0.0, 0.0, 0.0, 0.0, 0.0, 0.0]","[0.0, 0.0, 0.57035, 0.0, 0.0, 0.022814]"
STATE_MOTOR,1765117.0860044658,"[-0.006902913545485385, 0.0046019423636569235, 0.5760097858510582, -0.0015339807878856412, -0.007669903939428206, 0.49573210768220616]","[0.0, 0.0, 0.0, 0.0, 0.0, 0.0]","[0.0, 0.0, 0.479094, 0.0, 0.0, 0.022814]"
STATE_MOTOR,1785182.2470547631,"[-0.006902913545485385, 0.0046019423636569235, 0.5760097858510582, -0.0015339807878856412, -0.007669903939428206, 0.49573210768220616]","[0.0, 0.0, 0.0, 0.0, 0.0, 0.0]","[0.0, 0.0, 0.547536, 0.0, 0.0, 0.022814]"
STATE_MOTOR,1805238.954955712,"[-0.006902913545485385, 0.0046019423636569235, 0.5760097858510582, -0.0015339807878856412, -0.007669903939428206, 0.49573210768220616]","[0.0, 0.0, 0.0, 0.0, 0.0, 0.0]","[0.022814, 0.022814, 0.410652, 0.0, 0.022814, 0.022814]"
STATE_MOTOR,1825301.353004761,"[-0.006902913545485385, 0.0046019423636569235, 0.5760097858510582, -0.0015339807878856412, -0.007669903939428206, 0.49573210768220616]","[0.0, 0.0, 0.0, 0.0, 0.0, 0.0]","[0.022814, 0.0, 0.57035, 0.0, 0.0, 0.022814]"
STATE_MOTOR,1845359.2529986054,"[-0.006902913545485385, 0.0046019423636569235, 0.5760097858510582, -0.0015339807878856412, -0.007669903939428206, 0.49573210768220616]","[0.0, 0.0, 0.0, 0.0, 0.0, 0.0]","[0.022814, 0.0, 0.433466, 0.0, 0.022814, 0.022814]"
STATE_MOTOR,1865420.4880585894,"[-0.006902913545485385, 0.0046019423636569235, 0.5760097858510582, -0.0015339807878856412, -0.007669903939428206, 0.49573210768220616]","[0.0, 0.0, 0.0, 0.0, 0.0, 0.0]","[0.022814, 0.0, 0.410652, 0.0, 0.045628, 0.022814]"
STATE_MOTOR,1885485.5690151453,"[-0.006902913545485385, 0.0046019423636569235, 0.5760097858510582, -0.0015339807878856412, -0.007669903939428206, 0.49573210768220616]","[0.0, 0.0, 0.0, 0.0, 0.0, 0.0]","[0.0, 0.0, 0.501908, 0.0, 0.022814, 0.022814]"
STATE_MOTOR,1905544.6910206228,"[-0.006902913545485385, 0.0046019423636569235, 0.5760097858510582, -0.0015339807878856412, -0.007669903939428206, 0.49573210768220616]","[0.0, 0.0, 0.0, 0.0, 0.0, 0.0]","[0.0, 0.0, 0.410652, 0.0, 0.0, 0.022814]"
STATE_MOTOR,1925610.0229686126,"[-0.006902913545485385, 0.0046019423636569235, 0.5760097858510582, -0.0015339807878856412, -0.007669903939428206, 0.49573210768220616]","[0.0, 0.0, 0.0, 0.0, 0.0, 0.0]","[0.0, 0.0, 0.501908, 0.0, 0.0, 0.022814]"
STATE_MOTOR,1945670.1369490474,"[-0.006902913545485385, 0.0046019423636569235, 0.5760097858510582, -0.0015339807878856412, -0.007669903939428206, 0.49573210768220616]","[0.0, 0.0, 0.0, 0.0, 0.0, 0.0]","[0.0, 0.0, 0.410652, 0.0, 0.0, 0.022814]"
STATE_MOTOR,1965734.4969455153,"[-0.006902913545485385, 0.0046019423636569235, 0.5760097858510582, -0.0015339807878856412, -0.007669903939428206, 0.49573210768220616]","[0.0, 0.0, 0.0, 0.0, 0.0, 0.0]","[0.022814, 0.0, 0.410652, 0.0, 0.022814, 0.022814]"
STATE_MOTOR,1985801.0100433603,"[-0.006902913545485385, 0.0046019423636569235, 0.5760097858510582, -0.0015339807878856412, -0.007669903939428206, 0.49573210768220616]","[0.0, 0.0, 0.0, 0.0, 0.0, 0.0]","[0.022814, 0.022814, 0.524722, 0.0, 0.022814, 0.0]"
STATE_MOTOR,2005865.570041351,"[-0.006902913545485385, 0.0046019423636569235, 0.5760097858510582, -0.0015339807878856412, -0.007669903939428206, 0.49573210768220616]","[0.0, 0.0, 0.0, 0.0, 0.0, 0.0]","[0.0, 0.0, 0.45628, 0.0, 0.022814, 0.022814]"
STATE_MOTOR,2025979.724014178,"[-0.006902913545485385, 0.0046019423636569235, 0.5760097858510582, -0.0015339807878856412, -0.007669903939428206, 0.49573210768220616]","[0.0, 0.0, 0.0, 0.0, 0.0, 0.0]","[0.022814, 0.0, 0.433466, 0.0, 0.022814, 0.022814]"
STATE_MOTOR,2046044.0539754927,"[-0.006902913545485385, 0.0046019423636569235, 0.5760097858510582, -0.0015339807878856412, -0.007669903939428206, 0.49573210768220616]","[0.0, 0.0, 0.0, 0.0, 0.0, 0.0]","[0.022814, 0.0, 0.547536, 0.0, 0.0, 0.022814]"
STATE_MOTOR,2066104.187979363,"[-0.006902913545485385, 0.0046019423636569235, 0.5760097858510582, -0.0015339807878856412, -0.007669903939428206, 0.49573210768220616]","[0.0, 0.0, 0.0, 0.0, 0.0, 0.0]","[0.022814, 0.022814, 0.433466, 0.0, 0.0, 0.022814]"
STATE_MOTOR,2086170.2200490981,"[-0.006902913545485385, 0.0046019423636569235, 0.5760097858510582, -0.0015339807878856412, -0.007669903939428206, 0.49573210768220616]","[0.0, 0.0, 0.0, 0.0, 0.0, 0.0]","[0.0, 0.0, 0.45628, 0.0, 0.0, 0.022814]"
STATE_MOTOR,2106234.209961258,"[-0.006902913545485385, 0.0046019423636569235, 0.5760097858510582, -0.0015339807878856412, -0.007669903939428206, 0.49573210768220616]","[0.0, 0.0, 0.0, 0.0, 0.0, 0.0]","[0.022814, 0.0, 0.45628, 0.0, 0.022814, 0.022814]"
STATE_MOTOR,2126301.003037952,"[-0.006902913545485385, 0.0046019423636569235, 0.5760097858510582, -0.0015339807878856412, -0.007669903939428206, 0.49573210768220616]","[0.0, 0.0, 0.0, 0.0, 0.0, 0.0]","[0.022814, 0.0, 0.593164, 0.022814, 0.022814, 0.022814]"
STATE_MOTOR,2146366.0639710724,"[-0.006902913545485385, 0.0046019423636569235, 0.5760097858510582, -0.0015339807878856412, -0.007669903939428206, 0.49573210768220616]","[0.0, 0.0, 0.0, 0.0, 0.0, 0.0]","[0.022814, 0.0, 0.547536, 0.022814, 0.022814, 0.022814]"
STATE_MOTOR,2166431.055055,"[-0.006902913545485385, 0.007669903939428206, 0.5760097858510582, -0.0015339807878856412, -0.007669903939428206, 0.49573210768220616]","[0.0, 0.15339807878856412, 0.0, 0.0, 0.0, 0.0]","[0.045628, 0.0, 0.433466, 0.0, 0.022814, 0.022814]"
STATE_MOTOR,2186497.5380012766,"[-0.006902913545485385, 0.010737865515199488, 0.5760097858510582, -0.0015339807878856412, -0.006135923151542565, 0.49573210768220616]","[0.0, 0.15339807878856412, 0.0, 0.0, 0.0, 0.0]","[0.045628, 0.0, 0.524722, 0.022814, 0.022814, 0.022814]"
STATE_MOTOR,2206556.0199553147,"[-0.006902913545485385, 0.01380582709097077, 0.5760097858510582, -0.0015339807878856412, -0.0046019423636569235, 0.49573210768220616]","[0.0, 0.15339807878856412, 0.0, 0.0, 0.15339807878856412, 0.0]","[0.022814, 0.0, 0.57035, 0.022814, 0.022814, 0.022814]"
STATE_MOTOR,2226615.8029669896,"[-0.006902913545485385, 0.015339807878856412, 0.5760097858510582, -0.0015339807878856412, -0.0046019423636569235, 0.49573210768220616]","[0.0, 0.15339807878856412, 0.0, 0.0, 0.0, 0.0]","[0.045628, 0.0, 0.593164, 0.0, 0.045628, 0.0]"
STATE_MOTOR,2246682.2259593755,"[-0.005368932757599744, 0.019941750242513333, 0.5760097858510582, 0.0, -0.0046019423636569235, 0.49573210768220616]","[0.07669903939428206, 0.15339807878856412, 0.0, 0.07669903939428206, 0.0, 0.0]","[0.045628, 0.0, 0.661606, 0.022814, 0.045628, 0.022814]"
STATE_MOTOR,2266742.018982768,"[-0.0023009711818284618, 0.02454369260617026, 0.5760097858510582, 0.0015339807878856412, -0.0015339807878856412, 0.49573210768220616]","[0.07669903939428206, 0.23009711818284617, 0.0, 0.0, 0.07669903939428206, 0.0]","[0.045628, 0.0, 0.615978, 0.0, 0.022814, 0.022814]"
STATE_MOTOR,2286808.3720095456,"[0.0007669903939428206, 0.02761165418194154, 0.5760097858510582, 0.0030679615757712823, 0.0015339807878856412, 0.49573210768220616]","[0.23009711818284617, 0.15339807878856412, 0.0, 0.15339807878856412, 0.15339807878856412, 0.0]","[0.045628, 0.0, 0.615978, 0.0, 0.022814, 0.0]"
STATE_MOTOR,2306875.7969886065,"[0.006902913545485385, 0.032213596545598466, 0.5744758050631726, 0.007669903939428206, 0.0030679615757712823, 0.49573210768220616]","[0.23009711818284617, 0.15339807878856412, -0.07669903939428206, 0.15339807878856412, 0.15339807878856412, 0.0]","[0.022814, 0.0, 0.501908, 0.0, 0.022814, 0.0]"
STATE_MOTOR,2326935.8299439773,"[0.011504855909142308, 0.035281558121369745, 0.5698738626995157, 0.010737865515199488, 0.006135923151542565, 0.49573210768220616]","[0.23009711818284617, 0.23009711818284617, -0.07669903939428206, 0.15339807878856412, 0.15339807878856412, 0.0]","[0.022814, 0.0, 0.479094, 0.0, 0.022814, 0.022814]"
STATE_MOTOR,2347006.1890548095,"[0.017640779060684873, 0.04141748127291231, 0.5668059011237444, 0.01227184630308513, 0.009203884727313847, 0.49573210768220616]","[0.23009711818284617, 0.30679615757712825, -0.23009711818284617, 0.07669903939428206, 0.07669903939428206, 0.0]","[0.022814, 0.0, 0.479094, 0.0, 0.0, 0.0]"
STATE_MOTOR,2367087.7040131018,"[0.022242721424341798, 0.04601942363656923, 0.5637379395479731, 0.01380582709097077, 0.01227184630308513, 0.49573210768220616]","[0.30679615757712825, 0.15339807878856412, -0.15339807878856412, 0.15339807878856412, 0.15339807878856412, 0.0]","[0.022814, 0.0, 0.45628, 0.0, 0.022814, 0.0]"
STATE_MOTOR,2387154.357973486,"[0.028378644575884363, 0.05062136600022616, 0.5606699779722019, 0.01687378866674205, 0.015339807878856412, 0.49573210768220616]","[0.30679615757712825, 0.30679615757712825, -0.15339807878856412, 0.15339807878856412, 0.15339807878856412, 0.0]","[0.022814, 0.0, 0.615978, 0.022814, 0.022814, 0.022814]"
STATE_MOTOR,2407213.7699695304,"[0.032980586939541284, 0.056757289151768725, 0.5560680356085449, 0.019941750242513333, 0.01687378866674205, 0.49573210768220616]","[0.23009711818284617, 0.30679615757712825, -0.23009711818284617, 0.07669903939428206, 0.15339807878856412, 0.0]","[0.022814, 0.0, 0.547536, 0.022814, 0.022814, 0.022814]"
STATE_MOTOR,2427274.0950109437,"[0.037582529303198206, 0.06135923151542565, 0.5530000740327736, 0.021475731030398976, 0.021475731030398976, 0.49573210768220616]","[0.23009711818284617, 0.23009711818284617, -0.15339807878856412, 0.07669903939428206, 0.15339807878856412, 0.0]","[0.022814, 0.0, 0.479094, 0.022814, 0.022814, 0.022814]"
STATE_MOTOR,2447331.844945438,"[0.04218447166685513, 0.0674951546669682, 0.5499321124570024, 0.02454369260617026, 0.02454369260617026, 0.49573210768220616]","[0.23009711818284617, 0.30679615757712825, -0.15339807878856412, 0.15339807878856412, 0.15339807878856412, 0.0]","[0.045628, 0.022814, 0.387838, 0.0, 0.022814, 0.022814]"
STATE_MOTOR,2467390.5059462413,"[0.04678641403051206, 0.07363107781851078, 0.5468641508812311, 0.02761165418194154, 0.02761165418194154, 0.49573210768220616]","[0.23009711818284617, 0.30679615757712825, -0.15339807878856412, 0.15339807878856412, 0.15339807878856412, 0.0]","[0.045628, 0.0, 0.387838, 0.0, 0.022814, 0.022814]"
STATE_MOTOR,2487458.411953412,"[0.05138835639416898, 0.07976700097005333, 0.5453301700933454, 0.02914563496982718, 0.030679615757712823, 0.49573210768220616]","[0.30679615757712825, 0.23009711818284617, -0.15339807878856412, 0.15339807878856412, 0.23009711818284617, 0.0]","[0.022814, 0.022814, 0.615978, 0.022814, 0.022814, 0.022814]"
STATE_MOTOR,2507525.015040301,"[0.05752427954571154, 0.08436894333371026, 0.5422622085175741, 0.032213596545598466, 0.035281558121369745, 0.49573210768220616]","[0.23009711818284617, 0.30679615757712825, -0.07669903939428206, 0.07669903939428206, 0.15339807878856412, 0.0]","[0.022814, 0.0, 0.410652, 0.0, 0.022814, 0.0]"
STATE_MOTOR,2527584.637980908,"[0.062126221909368465, 0.09050486648525283, 0.5407282277296885, 0.035281558121369745, 0.03834951969714103, 0.49573210768220616]","[0.23009711818284617, 0.23009711818284617, -0.07669903939428206, 0.15339807878856412, 0.15339807878856412, 0.0]","[0.022814, 0.0, 0.433466, 0.0, 0.022814, 0.0]"
STATE_MOTOR,2547642.888966948,"[0.06826214506091104, 0.09664078963679539, 0.5407282277296885, 0.03834951969714103, 0.04141748127291231, 0.49573210768220616]","[0.23009711818284617, 0.30679615757712825, -0.07669903939428206, 0.15339807878856412, 0.15339807878856412, 0.0]","[0.045628, 0.0, 0.547536, 0.0, 0.045628, 0.022814]"
STATE_MOTOR,2567701.910971664,"[0.0743980682124536, 0.10277671278833796, 0.5407282277296885, 0.04141748127291231, 0.044485442848683596, 0.49573210768220616]","[0.30679615757712825, 0.30679615757712825, 0.0, 0.07669903939428206, 0.15339807878856412, 0.0]","[0.022814, 0.0, 0.57035, 0.022814, 0.022814, 0.0]"
STATE_MOTOR,2587768.8040491194,"[0.08053399136399617, 0.10891263593988051, 0.5407282277296885, 0.044485442848683596, 0.04908738521234052, 0.49573210768220616]","[0.30679615757712825, 0.38349519697141027, 0.0, 0.23009711818284617, 0.23009711818284617, 0.0]","[0.045628, 0.0, 0.638792, 0.0, 0.022814, 0.022814]"
STATE_MOTOR,2607833.7950166315,"[0.08666991451553872, 0.11658253987930872, 0.5407282277296885, 0.047553404424454875, 0.05368932757599744, 0.49573210768220616]","[0.38349519697141027, 0.30679615757712825, 0.0, 0.15339807878856412, 0.23009711818284617, 0.0]","[0.045628, 0.0, 0.638792, 0.022814, 0.022814, 0.022814]"
STATE_MOTOR,2627892.9780237377,"[0.09433981845496693, 0.1227184630308513, 0.5407282277296885, 0.05062136600022616, 0.05829126993965436, 0.49573210768220616]","[0.30679615757712825, 0.38349519697141027, 0.0, 0.15339807878856412, 0.23009711818284617, 0.0]","[0.045628, 0.0, 0.68442, 0.0, 0.022814, 0.022814]"
STATE_MOTOR,2647935.3950126097,"[0.10200972239439514, 0.1303883669702795, 0.5391942469418028, 0.05522330836388308, 0.06135923151542565, 0.49573210768220616]","[0.38349519697141027, 0.30679615757712825, 0.0, 0.15339807878856412, 0.15339807878856412, 0.0]","[0.022814, 0.0, 0.661606, 0.0, 0.022814, 0.0]"
STATE_MOTOR,2667993.8660236076,"[0.1081456455459377, 0.1380582709097077, 0.5345923045781459, 0.05829126993965436, 0.06596117387908257, 0.49573210768220616]","[0.38349519697141027, 0.38349519697141027, -0.07669903939428206, 0.23009711818284617, 0.23009711818284617, 0.0]","[0.045628, 0.0, 0.479094, 0.0, 0.022814, 0.022814]"
STATE_MOTOR,2688050.133991055,"[0.1158155494853659, 0.14419419406125028, 0.5284563814266033, 0.06135923151542565, 0.07056311624273949, 0.49573210768220616]","[0.30679615757712825, 0.38349519697141027, -0.30679615757712825, 0.15339807878856412, 0.23009711818284617, 0.0]","[0.045628, 0.0, 0.433466, 0.0, 0.022814, 0.022814]"
STATE_MOTOR,2708106.5319944173,"[0.12348545342479411, 0.15033011721279282, 0.5238544390629465, 0.06596117387908257, 0.07363107781851078, 0.49573210768220616]","[0.30679615757712825, 0.23009711818284617, -0.30679615757712825, 0.15339807878856412, 0.15339807878856412, 0.0]","[0.022814, 0.0, 0.501908, 0.022814, 0.0, 0.022814]"
STATE_MOTOR,2728162.240004167,"[0.12962137657633668, 0.15493205957644976, 0.5177185159114038, 0.0674951546669682, 0.07669903939428206, 0.49573210768220616]","[0.46019423636569234, 0.23009711818284617, -0.23009711818284617, 0.15339807878856412, 0.15339807878856412, 0.0]","[0.022814, 0.0, 0.365024, 0.022814, 0.022814, 0.0]"
STATE_MOTOR,2748217.695974745,"[0.1372912805157649, 0.16106798272799233, 0.513116573547747, 0.07056311624273949, 0.08130098175793898, 0.49573210768220616]","[0.30679615757712825, 0.30679615757712825, -0.23009711818284617, 0.07669903939428206, 0.23009711818284617, 0.0]","[0.022814, 0.0, 0.319396, 0.022814, 0.022814, 0.022814]"
STATE_MOTOR,2768276.0170428082,"[0.14342720366730743, 0.1687378866674205, 0.5069806503962044, 0.07363107781851078, 0.0859029241215959, 0.49573210768220616]","[0.30679615757712825, 0.38349519697141027, -0.30679615757712825, 0.15339807878856412, 0.23009711818284617, 0.0]","[0.022814, 0.0, 0.319396, 0.022814, 0.022814, 0.0]"
STATE_MOTOR,2788335.900986567,"[0.14956312681885, 0.17640779060684872, 0.5023787080325475, 0.07669903939428206, 0.09050486648525283, 0.49573210768220616]","[0.38349519697141027, 0.30679615757712825, -0.30679615757712825, 0.15339807878856412, 0.15339807878856412, 0.0]","[0.022814, 0.0, 0.319396, 0.022814, 0.022814, 0.0]"
STATE_MOTOR,2808395.5940091982,"[0.15569904997039258, 0.1825437137583913, 0.49777676566889056, 0.07976700097005333, 0.09357282806102411, 0.49573210768220616]","[0.23009711818284617, 0.38349519697141027, -0.23009711818284617, 0.15339807878856412, 0.23009711818284617, 0.0]","[0.045628, 0.022814, 0.319396, 0.0, 0.022814, 0.022814]"
STATE_MOTOR,2828452.9639640823,"[0.16183497312193515, 0.18714565612204823, 0.49624278488100493, 0.08283496254582462, 0.09664078963679539, 0.49573210768220616]","[0.38349519697141027, 0.23009711818284617, -0.15339807878856412, 0.15339807878856412, 0.15339807878856412, 0.0]","[0.045628, 0.0, 0.387838, 0.022814, 0.022814, 0.022814]"
STATE_MOTOR,2848508.4399580956,"[0.1679708962734777, 0.19174759848570513, 0.49624278488100493, 0.0859029241215959, 0.10124273200045232, 0.49573210768220616]","[0.23009711818284617, 0.23009711818284617, -0.07669903939428206, 0.15339807878856412, 0.15339807878856412, 0.0]","[0.045628, 0.0, 0.524722, 0.022814, 0.022814, 0.022814]"
STATE_MOTOR,2868563.967058435,"[0.17410681942502026, 0.1978835216372477, 0.49624278488100493, 0.08897088569736719, 0.10431069357622359, 0.49573210768220616]","[0.30679615757712825, 0.30679615757712825, 0.0, 0.15339807878856412, 0.23009711818284617, 0.0]","[0.022814, 0.0, 0.479094, 0.0, 0.022814, 0.022814]"
STATE_MOTOR,2888623.400009237,"[0.18024274257656284, 0.20401944478879028, 0.4947088040931193, 0.09050486648525283, 0.10737865515199488, 0.49573210768220616]","[0.30679615757712825, 0.30679615757712825, 0.0, 0.15339807878856412, 0.15339807878856412, 0.0]","[0.022814, 0.0, 0.433466, 0.0, 0.022814, 0.022814]"
STATE_MOTOR,2908703.192952089,"[0.18484468494021974, 0.20862138715244719, 0.4947088040931193, 0.09203884727313846, 0.1119805975156518, 0.49573210768220616]","[0.23009711818284617, 0.23009711818284617, -0.07669903939428206, 0.15339807878856412, 0.23009711818284617, 0.0]","[0.022814, 0.0, 0.593164, 0.022814, 0.022814, 0.022814]"
STATE_MOTOR,2928758.149035275,"[0.18944662730387668, 0.2162912910918754, 0.4947088040931193, 0.09510680884890975, 0.11351457830353745, 0.49573210768220616]","[0.30679615757712825, 0.38349519697141027, 0.0, 0.07669903939428206, 0.07669903939428206, 0.0]","[0.045628, 0.022814, 0.593164, 0.0, 0.022814, 0.0]"
STATE_MOTOR,2948813.6660074815,"[0.19404856966753362, 0.22089323345553233, 0.4947088040931193, 0.09817477042468103, 0.11658253987930872, 0.49573210768220616]","[0.23009711818284617, 0.23009711818284617, 0.0, 0.15339807878856412, 0.15339807878856412, 0.0]","[0.022814, 0.0, 0.547536, 0.022814, 0.022814, 0.022814]"
