type,timestamp,positions,velocities,torques
STATE_MOTOR,1.842970959842205,"[-0.008436894333371026, 0.007669903939428206, 0.572941824275287, -0.006135923151542565, 0.010737865515199488, 0.4970453053184504]","[0.0, 0.0, 0.0, 0.0, 0.0, 0.0]","[0.022814, 0.022814, 0.387838, 0.0, 0.022814, 0.0]"
STATE_MOTOR,20077.96603720635,"[-0.008436894333371026, 0.007669903939428206, 0.572941824275287, -0.006135923151542565, 0.010737865515199488, 0.4970453053184504]","[0.0, 0.0, 0.0, 0.0, 0.0, 0.0]","[0.022814, 0.022814, 0.433466, 0.0, 0.0, 0.022814]"
STATE_MOTOR,40135.90305112302,"[-0.008436894333371026, 0.007669903939428206, 0.572941824275287, -0.006135923151542565, 0.010737865515199488, 0.4970453053184504]","[0.0, 0.0, 0.0, 0.0, 0.0, 0.0]","[0.0, 0.0, 0.365024, 0.0, 0.022814, 0.022814]"
STATE_MOTOR,60197.715065442026,"[-0.008436894333371026, 0.007669903939428206, 0.572941824275287, -0.006135923151542565, 0.010737865515199488, 0.4970453053184504]","[0.0, 0.0, 0.0, 0.0, 0.0, 0.0]","[0.022814, 0.0, 0.479094, 0.022814, 0.022814, 0.022814]"
STATE_MOTOR,80254.63006924838,"[-0.008436894333371026, 0.007669903939428206, 0.572941824275287, -0.006135923151542565, 0.010737865515199488, 0.4970453053184504]","[0.0, 0.0, 0.0, 0.0, 0.0, 0.0]","[0.022814, 0.0, 0.387838, 0.022814, 0.022814, 0.0]"
STATE_MOTOR,100312.31597531587,"[-0.008436894333371026, 0.007669903939428206, 0.572941824275287, -0.006135923151542565, 0.010737865515199488, 0.4970453053184504]","[0.0, 0.0, 0.0, 0.0, 0.0, 0.0]","[0.0, 0.0, 0.410652, 0.0, 0.022814, 0.022814]"
STATE_MOTOR,120373.33706393838,"[-0.008436894333371026, 0.007669903939428206, 0.572941824275287, -0.006135923151542565, 0.010737865515199488, 0.4970453053184504]","[0.0, 0.0, 0.0, 0.0, 0.0, 0.0]","[0.022814, 0.0, 0.365024, 0.022814, 0.022814, 0.0]"
STATE_MOTOR,140434.28807053715,"[-0.008436894333371026, 0.007669903939428206, 0.572941824275287, -0.006135923151542565, 0.010737865515199488, 0.4970453053184504]","[0.0, 0.0, 0.0, 0.0, 0.0, 0.0]","[0.0, 0.0, 0.501908, 0.022814, 0.022814, 0.0]"
STATE_MOTOR,160490.0510283187,"[-0.008436894333371026, 0.007669903939428206, 0.572941824275287, -0.006135923151542565, 0.010737865515199488, 0.4970453053184504]","[0.0, 0.0, 0.0, 0.0, 0.0, 0.0]","[0.022814, 0.022814, 0.45628, 0.0, 0.022814, 0.0]"
STATE_MOTOR,180547.6970039308,"[-0.008436894333371026, 0.007669903939428206, 0.572941824275287, -0.006135923151542565, 0.010737865515199488, 0.4970453053184504]","[0.0, 0.0, 0.0, 0.0, 0.0, 0.0]","[0.022814, 0.022814, 0.433466, 0.022814, 0.022814, 0.022814]"
STATE_MOTOR,200609.09807216376,"[-0.008436894333371026, 0.007669903939428206, 0.572941824275287, -0.006135923151542565, 0.010737865515199488, 0.4970453053184504]","[0.0, 0.0, 0.0, 0.0, 0.0, 0.0]","[0.0, 0.0, 0.501908, 0.0, 0.022814, 0.0]"
STATE_MOTOR,220669.47899293154,"[-0.008436894333371026, 0.007669903939428206, 0.572941824275287, -0.006135923151542565, 0.010737865515199488, 0.4970453053184504]","[0.0, 0.0, 0.0, 0.0, 0.0, 0.0]","[0.0, 0.0, 0.410652, 0.022814, 0.022814, 0.022814]"
STATE_MOTOR,240728.8170652464,"[-0.008436894333371026, 0.007669903939428206, 0.572941824275287, -0.006135923151542565, 0.010737865515199488, 0.4970453053184504]","[0.0, 0.0, 0.0, 0.0, 0.0, 0.0]","[0.022814, 0.0, 0.501908, 0.022814, 0.0, 0.022814]"
STATE_MOTOR,260787.76502981782,"[-0.008436894333371026, 0.007669903939428206, 0.572941824275287, -0.006135923151542565, 0.010737865515199488, 0.4970453053184504]","[0.0, 0.0, 0.0, 0.0, 0.0, 0.0]","[0.0, 0.0, 0.433466, 0.022814, 0.022814, 0.022814]"
STATE_MOTOR,280848.48599974066,"[-0.008436894333371026, 0.007669903939428206, 0.572941824275287, -0.006135923151542565, 0.010737865515199488, 0.4970453053184504]","[0.0, 0.0, 0.0, 0.0, 0.0, 0.0]","[0.022814, 0.0, 0.410652, 0.022814, 0.022814, 0.0]"
STATE_MOTOR,300903.68806850165,"[-0.008436894333371026, 0.007669903939428206, 0.572941824275287, -0.006135923151542565, 0.010737865515199488, 0.4970453053184504]","[0.0, 0.0, 0.0, 0.0, 0.0, 0.0]","[0.022814, 0.022814, 0.501908, 0.0, 0.022814, 0.0]"
STATE_MOTOR,320960.9630284831,"[-0.008436894333371026, 0.007669903939428206, 0.572941824275287, -0.006135923151542565, 0.010737865515199488, 0.4970453053184504]","[0.0, 0.0, 0.0, 0.0, 0.0, 0.0]","[0.0, 0.0, 0.387838, 0.022814, 0.022814, 0.0]"
STATE_MOTOR,341017.03704800457,"[-0.008436894333371026, 0.007669903939428206, 0.572941824275287, -0.006135923151542565, 0.010737865515199488, 0.4970453053184504]","[0.0, 0.0, 0.0, 0.0, 0.0, 0.0]","[0.0, 0.0, 0.387838, 0.022814, 0.0, 0.022814]"
STATE_MOTOR,361081.0630489141,"[-0.008436894333371026, 0.007669903939428206, 0.572941824275287, -0.006135923151542565, 0.010737865515199488, 0.4970453053184504]","[0.0, 0.0, 0.0, 0.0, 0.0, 0.0]","[0.022814, 0.022814, 0.479094, 0.022814, 0.022814, 0.0]"
STATE_MOTOR,381144.0160498023,"[-0.008436894333371026, 0.007669903939428206, 0.572941824275287, -0.006135923151542565, 0.010737865515199488, 0.4970453053184504]","[0.0, 0.0, 0.0, 0.0, 0.0, 0.0]","[0.022814, 0.0, 0.410652, 0.022814, 0.022814, 0.022814]"
STATE_MOTOR,401198.95804673433,"[-0.008436894333371026, 0.007669903939428206, 0.572941824275287, -0.006135923151542565, 0.010737865515199488, 0.4970453053184504]","[0.0, 0.0, 0.0, 0.0, 0.0, 0.0]","[0.0, 0.022814, 0.410652, 0.0, 0.0, 0.0]"
STATE_MOTOR,421256.3340552151,"[-0.008436894333371026, 0.007669903939428206, 0.572941824275287, -0.006135923151542565, 0.010737865515199488, 0.4970453053184504]","[0.0, 0.0, 0.0, 0.0, 0.0, 0.0]","[0.022814, 0.022814, 0.387838, 0.022814, 0.022814, 0.022814]"
STATE_MOTOR,441315.0619948283,"[-0.008436894333371026, 0.007669903939428206, 0.572941824275287, -0.006135923151542565, 0.010737865515199488, 0.4970453053184504]","[0.0, 0.0, 0.0, 0.0, 0.0, 0.0]","[0.0, 0.0, 0.387838, 0.0, 0.022814, 0.0]"
STATE_MOTOR,461375.11101551354,"[-0.008436894333371026, 0.007669903939428206, 0.572941824275287, -0.006135923151542565, 0.010737865515199488, 0.4970453053184504]","[0.0, 0.0, 0.0, 0.0, 0.0, 0.0]","[0.022814, 0.0, 0.387838, 0.0, 0.022814, 0.0]"
STATE_MOTOR,481443.03204026073,"[-0.008436894333371026, 0.007669903939428206, 0.572941824275287, -0.006135923151542565, 0.010737865515199488, 0.4970453053184504]","[0.0, 0.0, 0.0, 0.0, 0.0, 0.0]","[0.022814, 0.0, 0.387838, 0.022814, 0.0, 0.0]"
STATE_MOTOR,501498.9060582593,"[-0.008436894333371026, 0.007669903939428206, 0.572941824275287, -0.006135923151542565, 0.010737865515199488, 0.4970453053184504]","[0.0, 0.0, 0.0, 0.0, 0.0, 0.0]","[0.022814, 0.022814, 0.524722, 0.022814, 0.022814, 0.022814]"
STATE_MOTOR,521555.94096984714,"[-0.008436894333371026, 0.007669903939428206, 0.572941824275287, -0.006135923151542565, 0.010737865515199488, 0.4970453053184504]","[0.0, 0.0, 0.0, 0.0, 0.0, 0.0]","[0.0, 0.0, 0.501908, 0.022814, 0.022814, 0.0]"
STATE_MOTOR,541614.96902816,"[-0.008436894333371026, 0.007669903939428206, 0.572941824275287, -0.006135923151542565, 0.010737865515199488, 0.4970453053184504]","[0.0, 0.0, 0.0, 0.0, 0.0, 0.0]","[0.022814, 0.022814, 0.387838, 0.0, 0.022814, 0.022814]"
STATE_MOTOR,561679.0140047669,"[-0.008436894333371026, 0.007669903939428206, 0.572941824275287, -0.006135923151542565, 0.010737865515199488, 0.4970453053184504]","[0.0, 0.0, 0.0, 0.0, 0.0, 0.0]","[0.022814, 0.022814, 0.479094, 0.0, 0.022814, 0.0]"
STATE_MOTOR,581744.2319821566,"[-0.008436894333371026, 0.007669903939428206, 0.572941824275287, -0.006135923151542565, 0.010737865515199488, 0.4970453053184504]","[0.0, 0.0, 0.0, 0.0, 0.0, 0.0]","[0.022814, 0.0, 0.433466, 0.0, 0.022814, 0.022814]"
STATE_MOTOR,601806.4540112391,"[-0.008436894333371026, 0.007669903939428206, 0.572941824275287, -0.006135923151542565, 0.010737865515199488, 0.4970453053184504]","[0.0, 0.0, 0.0, 0.0, 0.0, 0.0]","[0.022814, 0.0, 0.410652, 0.022814, 0.022814, 0.0]"
STATE_MOTOR,621866.1230523139,"[-0.008436894333371026, 0.007669903939428206, 0.572941824275287, -0.006135923151542565, 0.010737865515199488, 0.4970453053184504]","[0.0, 0.0, 0.0, 0.0, 0.0, 0.0]","[0.022814, 0.022814, 0.45628, 0.0, 0.022814, 0.022814]"
STATE_MOTOR,641926.2529816478,"[-0.008436894333371026, 0.007669903939428206, 0.572941824275287, -0.006135923151542565, 0.010737865515199488, 0.4970453053184504]","[0.0, 0.0, 0.0, 0.0, 0.0, 0.0]","[0.0, 0.0, 0.501908, 0.0, 0.022814, 0.0]"
STATE_MOTOR,661986.303050071,"[-0.008436894333371026, 0.007669903939428206, 0.572941824275287, -0.006135923151542565, 0.010737865515199488, 0.4970453053184504]","[0.0, 0.0, 0.0, 0.0, 0.0, 0.0]","[0.022814, 0.0, 0.387838, 0.022814, 0.022814, 0.0]"
STATE_MOTOR,682043.839013204,"[-0.008436894333371026, 0.007669903939428206, 0.572941824275287, -0.006135923151542565, 0.010737865515199488, 0.4970453053184504]","[0.0, 0.0, 0.0, 0.0, 0.0, 0.0]","[0.022814, 0.0, 0.479094, 0.022814, 0.022814, 0.022814]"
STATE_MOTOR,702101.1139731854,"[-0.008436894333371026, 0.007669903939428206, 0.572941824275287, -0.006135923151542565, 0.010737865515199488, 0.4970453053184504]","[0.0, 0.0, 0.0, 0.0, 0.0, 0.0]","[0.022814, 0.0, 0.387838, 0.0, 0.0, 0.0]"
STATE_MOTOR,722159.4010479748,"[-0.008436894333371026, 0.007669903939428206, 0.572941824275287, -0.006135923151542565, 0.010737865515199488, 0.4970453053184504]","[0.0, 0.0, 0.0, 0.0, 0.0, 0.0]","[0.022814, 0.0, 0.524722, 0.0, 0.022814, 0.0]"
STATE_MOTOR,742217.1670477837,"[-0.008436894333371026, 0.007669903939428206, 0.572941824275287, -0.006135923151542565, 0.010737865515199488, 0.4970453053184504]","[0.0, 0.0, 0.0, 0.0, 0.0, 0.0]","[0.022814, 0.022814, 0.387838, 0.0, 0.022814, 0.022814]"
STATE_MOTOR,762279.5699862763,"[-0.008436894333371026, 0.007669903939428206, 0.572941824275287, -0.006135923151542565, 0.010737865515199488, 0.4970453053184504]","[0.0, 0.0, 0.0, 0.0, 0.0, 0.0]","[0.022814, 0.0, 0.387838, 0.0, 0.022814, 0.022814]"
STATE_MOTOR,782336.9860416278,"[-0.008436894333371026, 0.007669903939428206, 0.572941824275287, -0.006135923151542565, 0.010737865515199488, 0.4970453053184504]","[0.0, 0.0, 0.0, 0.0, 0.0, 0.0]","[0.022814, 0.0, 0.45628, 0.0, 0.022814, 0.022814]"
STATE_MOTOR,802392.2380525619,"[-0.008436894333371026, 0.007669903939428206, 0.572941824275287, -0.006135923151542565, 0.010737865515199488, 0.4970453053184504]","[0.0, 0.0, 0.0, 0.0, 0.0, 0.0]","[0.022814, 0.022814, 0.387838, 0.0, 0.022814, 0.0]"
STATE_MOTOR,822443.3150608093,"[-0.008436894333371026, 0.007669903939428206, 0.572941824275287, -0.006135923151542565, 0.010737865515199488, 0.4970453053184504]","[0.0, 0.0, 0.0, 0.0, 0.0, 0.0]","[0.0, 0.022814, 0.365024, 0.0, 0.022814, 0.0]"
STATE_MOTOR,842502.2220471874,"[-0.008436894333371026, 0.007669903939428206, 0.572941824275287, -0.006135923151542565, 0.010737865515199488, 0.4970453053184504]","[0.0, 0.0, 0.0, 0.0, 0.0, 0.0]","[0.022814, 0.0, 0.387838, 0.0, 0.0, 0.022814]"
STATE_MOTOR,862562.6229913905,"[-0.008436894333371026, 0.007669903939428206, 0.572941824275287, -0.006135923151542565, 0.010737865515199488, 0.4970453053184504]","[0.0, 0.0, 0.0, 0.0, 0.0, 0.0]","[0.022814, 0.022814, 0.387838, 0.022814, 0.022814, 0.022814]"
STATE_MOTOR,882619.8179740459,"[-0.008436894333371026, 0.007669903939428206, 0.572941824275287, -0.006135923151542565, 0.010737865515199488, 0.4970453053184504]","[0.0, 0.0, 0.0, 0.0, 0.0, 0.0]","[0.022814, 0.022814, 0.501908, 0.022814, 0.022814, 0.022814]"
STATE_MOTOR,902675.7610263303,"[-0.008436894333371026, 0.007669903939428206, 0.572941824275287, -0.006135923151542565, 0.010737865515199488, 0.4970453053184504]","[0.0, 0.0, 0.0, 0.0, 0.0, 0.0]","[0.022814, 0.0, 0.410652, 0.022814, 0.0, 0.022814]"
STATE_MOTOR,922735.7510244474,"[-0.008436894333371026, 0.007669903939428206, 0.572941824275287, -0.006135923151542565, 0.010737865515199488, 0.4970453053184504]","[0.0, 0.0, 0.0, 0.0, 0.0, 0.0]","[0.0, 0.022814, 0.45628, 0.022814, 0.022814, 0.0]"
STATE_MOTOR,942794.8090014979,"[-0.008436894333371026, 0.007669903939428206, 0.572941824275287, -0.006135923151542565, 0.010737865515199488, 0.4970453053184504]","[0.0, 0.0, 0.0, 0.0, 0.0, 0.0]","[0.022814, 0.0, 0.387838, 0.022814, 0.022814, 0.022814]"
STATE_MOTOR,962852.6150481775,"[-0.008436894333371026, 0.007669903939428206, 0.572941824275287, -0.006135923151542565, 0.010737865515199488, 0.4970453053184504]","[0.0, 0.0, 0.0, 0.0, 0.0, 0.0]","[0.022814, 0.0, 0.501908, 0.0, 0.022814, 0.022814]"
STATE_MOTOR,982909.1000137851,"[-0.008436894333371026, 0.007669903939428206, 0.572941824275287, -0.006135923151542565, 0.010737865515199488, 0.4970453053184504]","[0.0, 0.0, 0.0, 0.0, 0.0, 0.0]","[0.022814, 0.0, 0.410652, 0.0, 0.022814, 0.022814]"
STATE_MOTOR,1002970.1309977099,"[-0.008436894333371026, 0.007669903939428206, 0.572941824275287, -0.006135923151542565, 0.010737865515199488, 0.4970453053184504]","[0.0, 0.0, 0.0, 0.0, 0.0, 0.0]","[0.022814, 0.0, 0.433466, 0.022814, 0.022814, 0.022814]"
STATE_MOTOR,1023051.402065903,"[-0.008436894333371026, 0.007669903939428206, 0.572941824275287, -0.006135923151542565, 0.010737865515199488, 0.4970453053184504]","[0.0, 0.0, 0.0, 0.0, 0.0, 0.0]","[0.022814, 0.0, 0.433466, 0.022814, 0.022814, 0.0]"
STATE_MOTOR,1043111.5210521966,"[-0.008436894333371026, 0.007669903939428206, 0.572941824275287, -0.006135923151542565, 0.010737865515199488, 0.4970453053184504]","[0.0, 0.0, 0.0, 0.0, 0.0, 0.0]","[0.022814, 0.022814, 0.387838, 0.0, 0.045628, 0.0]"
STATE_MOTOR,1063168.3859974146,"[-0.008436894333371026, 0.007669903939428206, 0.572941824275287, -0.006135923151542565, 0.010737865515199488, 0.4970453053184504]","[0.0, 0.0, 0.0, 0.0, 0.0, 0.0]","[0.022814, 0.0, 0.479094, 0.022814, 0.0, 0.022814]"
STATE_MOTOR,1083226.0419847444,"[-0.008436894333371026, 0.007669903939428206, 0.572941824275287, -0.006135923151542565, 0.010737865515199488, 0.4970453053184504]","[0.0, 0.0, 0.0, 0.0, 0.0, 0.0]","[0.022814, 0.022814, 0.45628, 0.022814, 0.022814, 0.022814]"
STATE_MOTOR,1103281.995980069,"[-0.008436894333371026, 0.007669903939428206, 0.572941824275287, -0.006135923151542565, 0.010737865515199488, 0.4970453053184504]","[0.0, 0.0, 0.0, 0.0, 0.0, 0.0]","[0.0, 0.0, 0.479094, 0.0, 0.022814, 0.022814]"
STATE_MOTOR,1123341.7650219053,"[-0.008436894333371026, 0.007669903939428206, 0.572941824275287, -0.006135923151542565, 0.010737865515199488, 0.4970453053184504]","[0.0, 0.0, 0.0, 0.0, 0.0, 0.0]","[0.022814, 0.0, 0.365024, 0.022814, 0.022814, 0.0]"
STATE_MOTOR,1143408.5740474984,"[-0.008436894333371026, 0.007669903939428206, 0.572941824275287, -0.006135923151542565, 0.010737865515199488, 0.4970453053184504]","[0.0, 0.0, 0.0, 0.0, 0.0, 0.0]","[0.022814, 0.0, 0.433466, 0.0, 0.022814, 0.0]"
STATE_MOTOR,1163432.3300095275,"[-0.008436894333371026, 0.007669903939428206, 0.572941824275287, -0.006135923151542565, 0.010737865515199488, 0.4970453053184504]","[0.0, 0.0, 0.0, 0.0, 0.0, 0.0]","[0.022814, 0.022814, 0.45628, 0.0, 0.0, 0.022814]"
STATE_MOTOR,1183490.6570147723,"[-0.008436894333371026, 0.007669903939428206, 0.572941824275287, -0.006135923151542565, 0.010737865515199488, 0.4970453053184504]","[0.0, 0.0, 0.0, 0.0, 0.0, 0.0]","[0.022814, 0.022814, 0.387838, 0.022814, 0.0, 0.0]"
STATE_MOTOR,1203548.824065365,"[-0.008436894333371026, 0.007669903939428206, 0.572941824275287, -0.006135923151542565, 0.010737865515199488, 0.4970453053184504]","[0.0, 0.0, 0.0, 0.0, 0.0, 0.0]","[0.0, 0.0, 0.479094, 0.0, 0.022814, 0.0]"
STATE_MOTOR,1223622.2530482337,"[-0.008436894333371026, 0.007669903939428206, 0.572941824275287, -0.006135923151542565, 0.010737865515199488, 0.4970453053184504]","[0.0, 0.0, 0.0, 0.0, 0.0, 0.0]","[0.022814, 0.0, 0.479094, 0.0, 0.0, 0.0]"
STATE_MOTOR,1243681.2609666958,"[-0.008436894333371026, 0.007669903939428206, 0.572941824275287, -0.006135923151542565, 0.010737865515199488, 0.4970453053184504]","[0.0, 0.0, 0.0, 0.0, 0.0, 0.0]","[0.022814, 0.0, 0.410652, 0.022814, 0.022814, 0.0]"
STATE_MOTOR,1263740.1290703565,"[-0.008436894333371026, 0.007669903939428206, 0.572941824275287, -0.006135923151542565, 0.010737865515199488, 0.4970453053184504]","[0.0, 0.0, 0.0, 0.0, 0.0, 0.0]","[0.022814, 0.022814, 0.387838, 0.0, 0.022814, 0.0]"
STATE_MOTOR,1283799.0870466456,"[-0.008436894333371026, 0.007669903939428206, 0.572941824275287, -0.006135923151542565, 0.010737865515199488, 0.4970453053184504]","[0.0, 0.0, 0.0, 0.0, 0.0, 0.0]","[0.022814, 0.022814, 0.387838, 0.0, 0.022814, 0.0]"
STATE_MOTOR,1303861.971013248,"[-0.008436894333371026, 0.007669903939428206, 0.572941824275287, -0.006135923151542565, 0.010737865515199488, 0.4970453053184504]","[0.0, 0.0, 0.0, 0.0, 0.0, 0.0]","[0.022814, 0.0, 0.501908, 0.022814, 0.022814, 0.022814]"
STATE_MOTOR,1323919.4269990548,"[-0.008436894333371026, 0.007669903939428206, 0.572941824275287, -0.006135923151542565, 0.010737865515199488, 0.4970453053184504]","[0.0, 0.0, 0.0, 0.0, 0.0, 0.0]","[0.0, 0.0, 0.387838, 0.022814, 0.022814, 0.022814]"
STATE_MOTOR,1343979.1260752827,"[-0.008436894333371026, 0.007669903939428206, 0.572941824275287, -0.006135923151542565, 0.010737865515199488, 0.4970453053184504]","[0.0, 0.0, 0.0, 0.0, 0.0, 0.0]","[0.0, 0.022814, 0.410652, 0.022814, 0.022814, 0.022814]"
STATE_MOTOR,1364036.291022785,"[-0.008436894333371026, 0.007669903939428206, 0.572941824275287, -0.006135923151542565, 0.010737865515199488, 0.4970453053184504]","[0.0, 0.0, 0.0, 0.0, 0.0, 0.0]","[0.022814, 0.0, 0.410652, 0.0, 0.022814, 0.0]"
STATE_MOTOR,1384100.8869931102,"[-0.008436894333371026, 0.007669903939428206, 0.572941824275287, -0.006135923151542565, 0.010737865515199488, 0.4970453053184504]","[0.0, 0.0, 0.0, 0.0, 0.0, 0.0]","[0.022814, 0.022814, 0.45628, 0.0, 0.0, 0.0]"
STATE_MOTOR,1404161.7379989475,"[-0.008436894333371026, 0.007669903939428206, 0.572941824275287, -0.006135923151542565, 0.010737865515199488, 0.4970453053184504]","[0.0, 0.0, 0.0, 0.0, 0.0, 0.0]","[0.022814, 0.0, 0.387838, 0.0, 0.022814, 0.022814]"
STATE_MOTOR,1424226.0840255767,"[-0.008436894333371026, 0.007669903939428206, 0.572941824275287, -0.006135923151542565, 0.010737865515199488, 0.4970453053184504]","[0.0, 0.0, 0.0, 0.0, 0.0, 0.0]","[0.022814, 0.022814, 0.433466, 0.0, 0.022814, 0.022814]"
STATE_MOTOR,1444283.560034819,"[-0.008436894333371026, 0.007669903939428206, 0.572941824275287, -0.006135923151542565, 0.010737865515199488, 0.4970453053184504]","[0.0, 0.0, 0.0, 0.0, 0.0, 0.0]","[0.0, 0.0, 0.387838, 0.022814, 0.0, 0.0]"
STATE_MOTOR,1464343.8099883497,"[-0.008436894333371026, 0.007669903939428206, 0.572941824275287, -0.006135923151542565, 0.010737865515199488, 0.4970453053184504]","[0.0, 0.0, 0.0, 0.0, 0.0, 0.0]","[0.022814, 0.0, 0.365024, 0.022814, 0.022814, 0.022814]"
STATE_MOTOR,1484403.2280379906,"[-0.008436894333371026, 0.007669903939428206, 0.572941824275287, -0.006135923151542565, 0.010737865515199488, 0.4970453053184504]","[0.0, 0.0, 0.0, 0.0, 0.0, 0.0]","[0.0, 0.0, 0.387838, 0.0, 0.022814, 0.0]"
STATE_MOTOR,1504431.3999824226,"[-0.008436894333371026, 0.007669903939428206, 0.572941824275287, -0.006135923151542565, 0.010737865515199488, 0.4970453053184504]","[0.0, 0.0, 0.0, 0.0, 0.0, 0.0]","[0.0, 0.0, 0.433466, 0.0, 0.022814, 0.0]"
STATE_MOTOR,1524485.9020458534,"[-0.008436894333371026, 0.007669903939428206, 0.572941824275287, -0.006135923151542565, 0.010737865515199488, 0.4970453053184504]","[0.0, 0.0, 0.0, 0.0, 0.0, 0.0]","[0.022814, 0.022814, 0.387838, 0.0, 0.0, 0.0]"
STATE_MOTOR,1544543.7380112708,"[-0.008436894333371026, 0.007669903939428206, 0.572941824275287, -0.006135923151542565, 0.010737865515199488, 0.4970453053184504]","[0.0, 0.0, 0.0, 0.0, 0.0, 0.0]","[0.022814, 0.0, 0.387838, 0.022814, 0.022814, 0.022814]"
STATE_MOTOR,1564600.7030736655,"[-0.008436894333371026, 0.007669903939428206, 0.572941824275287, -0.006135923151542565, 0.010737865515199488, 0.4970453053184504]","[0.0, 0.0, 0.0, 0.0, 0.0, 0.0]","[0.022814, 0.0, 0.387838, 0.0, 0.0, 0.0]"
STATE_MOTOR,1584658.6390398443,"[-0.008436894333371026, 0.007669903939428206, 0.572941824275287, -0.006135923151542565, 0.010737865515199488, 0.4970453053184504]","[0.0, 0.0, 0.0, 0.0, 0.0, 0.0]","[0.0, 0.022814, 0.433466, 0.022814, 0.022814, 0.022814]"
STATE_MOTOR,1604722.2040360793,"[-0.008436894333371026, 0.007669903939428206, 0.572941824275287, -0.006135923151542565, 0.010737865515199488, 0.4970453053184504]","[0.0, 0.0, 0.0, 0.0, 0.0, 0.0]","[0.022814, 0.0, 0.433466, 0.022814, 0.022814, 0.022814]"
STATE_MOTOR,1624785.9289869666,"[-0.008436894333371026, 0.007669903939428206, 0.572941824275287, -0.006135923151542565, 0.010737865515199488, 0.4970453053184504]","[0.0, 0.0, 0.0, 0.0, 0.0, 0.0]","[0.022814, 0.022814, 0.365024, 0.022814, 0.022814, 0.022814]"
STATE_MOTOR,1644842.8339790553,"[-0.008436894333371026, 0.007669903939428206, 0.572941824275287, -0.006135923151542565, 0.010737865515199488, 0.4970453053184504]","[0.0, 0.0, 0.0, 0.0, 0.0, 0.0]","[0.0, 0.022814, 0.410652, 0.022814, 0.0, 0.0]"
STATE_MOTOR,1664907.390018925,"[-0.008436894333371026, 0.007669903939428206, 0.572941824275287, -0.006135923151542565, 0.010737865515199488, 0.4970453053184504]","[0.0, 0.0, 0.0, 0.0, 0.0, 0.0]","[0.0, 0.022814, 0.501908, 0.022814, 0.0, 0.0]"
STATE_MOTOR,1684967.6000420004,"[-0.008436894333371026, 0.007669903939428206, 0.572941824275287, -0.006135923151542565, 0.010737865515199488, 0.4970453053184504]","[0.0, 0.0, 0.0, 0.0, 0.0, 0.0]","[0.022814, 0.022814, 0.387838, 0.0, 0.022814, 0.0]"
STATE_MOTOR,1705022.7420404553,"[-0.008436894333371026, 0.007669903939428206, 0.572941824275287, -0.006135923151542565, 0.010737865515199488, 0.4970453053184504]","[0.0, 0.0, 0.0, 0.0, 0.0, 0.0]","[0.022814, 0.022814, 0.501908, 0.0, 0.022814, 0.022814]"
STATE_MOTOR,1725080.1479676738,"[-0.008436894333371026, 0.007669903939428206, 0.572941824275287, -0.006135923151542565, 0.010737865515199488, 0.4970453053184504]","[0.0, 0.0, 0.0, 0.0, 0.0, 0.0]","[0.022814, 0.0, 0.365024, 0.022814, 0.045628, 0.0]"
STATE_MOTOR,1745139.3560040742,"[-0.008436894333371026, 0.007669903939428206, 0.572941824275287, -0.006135923151542565, 0.010737865515199488, 0.4970453053184504]","[0.0, 0.0, 0.0, 0.0, 0.0, 0.0]","[0.022814, 0.0, 0.387838, 0.022814, 0.022814, 0.022814]"
STATE_MOTOR,1765205.8160165325,"[-0.008436894333371026, 0.007669903939428206, 0.572941824275287, -0.006135923151542565, 0.010737865515199488, 0.4970453053184504]","[0.0, 0.0, 0.0, 0.0, 0.0, 0.0]","[0.022814, 0.0, 0.365024, 0.0, 0.022814, 0.022814]"
STATE_MOTOR,1785266.9970598072,"[-0.008436894333371026, 0.007669903939428206, 0.572941824275287, -0.006135923151542565, 0.010737865515199488, 0.4970453053184504]","[0.0, 0.0, 0.0, 0.0, 0.0, 0.0]","[0.022814, 0.022814, 0.387838, 0.022814, 0.022814, 0.0]"
STATE_MOTOR,1805329.279974103,"[-0.008436894333371026, 0.007669903939428206, 0.572941824275287, -0.006135923151542565, 0.010737865515199488, 0.4970453053184504]","[0.0, 0.0, 0.0, 0.0, 0.0, 0.0]","[0.0, 0.0, 0.433466, 0.022814, 0.022814, 0.022814]"
STATE_MOTOR,1825395.307969302,"[-0.008436894333371026, 0.007669903939428206, 0.572941824275287, -0.006135923151542565, 0.010737865515199488, 0.4970453053184504]","[0.0, 0.0, 0.0, 0.0, 0.0, 0.0]","[0.022814, 0.0, 0.365024, 0.022814, 0.022814, 0.0]"
STATE_MOTOR,1845452.063018456,"[-0.008436894333371026, 0.007669903939428206, 0.572941824275287, -0.006135923151542565, 0.010737865515199488, 0.4970453053184504]","[0.0, 0.0, 0.0, 0.0, 0.0, 0.0]","[0.022814, 0.0, 0.45628, 0.022814, 0.022814, 0.0]"
STATE_MOTOR,1865512.763033621,"[-0.008436894333371026, 0.007669903939428206, 0.572941824275287, -0.006135923151542565, 0.010737865515199488, 0.4970453053184504]","[0.0, 0.0, 0.0, 0.0, 0.0, 0.0]","[0.022814, 0.0, 0.387838, 0.0, 0.022814, 0.0]"
STATE_MOTOR,1885573.4539683908,"[-0.008436894333371026, 0.007669903939428206, 0.572941824275287, -0.006135923151542565, 0.010737865515199488, 0.4970453053184504]","[0.0, 0.0, 0.0, 0.0, 0.0, 0.0]","[0.022814, 0.0, 0.387838, 0.022814, 0.022814, 0.022814]"
STATE_MOTOR,1905639.9230612442,"[-0.008436894333371026, 0.007669903939428206, 0.572941824275287, -0.006135923151542565, 0.010737865515199488, 0.4970453053184504]","[0.0, 0.0, 0.0, 0.0, 0.0, 0.0]","[0.022814, 0.022814, 0.365024, 0.045628, 0.022814, 0.0]"
STATE_MOTOR,1925699.2620648816,"[-0.008436894333371026, 0.007669903939428206, 0.572941824275287, -0.006135923151542565, 0.010737865515199488, 0.4970453053184504]","[0.0, 0.0, 0.0, 0.0, 0.0, 0.0]","[0.022814, 0.0, 0.433466, 0.022814, 0.022814, 0.022814]"
STATE_MOTOR,1945755.6260749698,"[-0.008436894333371026, 0.007669903939428206, 0.572941824275287, -0.006135923151542565, 0.010737865515199488, 0.4970453053184504]","[0.0, 0.0, 0.0, 0.0, 0.0, 0.0]","[0.0, 0.0, 0.387838, 0.0, 0.022814, 0.0]"
STATE_MOTOR,1965811.2190663815,"[-0.008436894333371026, 0.007669903939428206, 0.572941824275287, -0.006135923151542565, 0.010737865515199488, 0.4970453053184504]","[0.0, 0.0, 0.0, 0.0, 0.0, 0.0]","[0.0, 0.022814, 0.387838, 0.022814, 0.022814, 0.0]"
STATE_MOTOR,1985825.4400314763,"[-0.008436894333371026, 0.007669903939428206, 0.572941824275287, -0.006135923151542565, 0.010737865515199488, 0.4970453053184504]","[0.0, 0.0, 0.0, 0.0, 0.0, 0.0]","[0.022814, 0.0, 0.45628, 0.0, 0.022814, 0.022814]"
STATE_MOTOR,2005883.967038244,"[-0.008436894333371026, 0.007669903939428206, 0.572941824275287, -0.006135923151542565, 0.010737865515199488, 0.4970453053184504]","[0.0, 0.0, 0.0, 0.0, 0.0, 0.0]","[0.022814, 0.0, 0.387838, 0.022814, 0.022814, 0.022814]"
STATE_MOTOR,2025967.1909734607,"[-0.008436894333371026, 0.007669903939428206, 0.572941824275287, -0.006135923151542565, 0.010737865515199488, 0.4970453053184504]","[0.0, 0.0, 0.0, 0.0, 0.0, 0.0]","[0.022814, 0.0, 0.433466, 0.0, 0.0, 0.022814]"
STATE_MOTOR,2046027.4410434067,"[-0.008436894333371026, 0.007669903939428206, 0.572941824275287, -0.006135923151542565, 0.010737865515199488, 0.4970453053184504]","[0.0, 0.0, 0.0, 0.0, 0.0, 0.0]","[0.022814, 0.0, 0.433466, 0.022814, 0.022814, 0.0]"
STATE_MOTOR,2066092.4380645156,"[-0.008436894333371026, 0.007669903939428206, 0.572941824275287, -0.006135923151542565, 0.010737865515199488, 0.4970453053184504]","[0.0, 0.0, 0.0, 0.0, 0.0, 0.0]","[0.0, 0.0, 0.365024, 0.022814, 0.022814, 0.0]"
STATE_MOTOR,2086149.9140737578,"[-0.008436894333371026, 0.007669903939428206, 0.572941824275287, -0.006135923151542565, 0.010737865515199488, 0.4970453053184504]","[0.0, 0.0, 0.0, 0.0, 0.0, 0.0]","[0.022814, 0.022814, 0.479094, 0.0, 0.022814, 0.0]"
STATE_MOTOR,2106217.5050610676,"[-0.008436894333371026, 0.007669903939428206, 0.572941824275287, -0.006135923151542565, 0.010737865515199488, 0.4970453053184504]","[0.0, 0.0, 0.0, 0.0, 0.0, 0.0]","[0.022814, 0.0, 0.365024, 0.022814, 0.022814, 0.022814]"
STATE_MOTOR,2126281.5300142393,"[-0.008436894333371026, 0.007669903939428206, 0.572941824275287, -0.006135923151542565, 0.010737865515199488, 0.4970453053184504]","[0.0, 0.0, 0.0, 0.0, 0.0, 0.0]","[0.022814, 0.0, 0.45628, 0.022814, 0.0, 0.0]"
STATE_MOTOR,2146341.8600615114,"[-0.008436894333371026, 0.007669903939428206, 0.572941824275287, -0.006135923151542565, 0.010737865515199488, 0.4970453053184504]","[0.0, 0.0, 0.0, 0.0, 0.0, 0.0]","[0.0, 0.0, 0.387838, 0.022814, 0.022814, 0.022814]"
STATE_MOTOR,2166402.2100158036,"[-0.008436894333371026, 0.007669903939428206, 0.572941824275287, -0.006135923151542565, 0.010737865515199488, 0.4970453053184504]","[0.0, 0.0, 0.0, 0.0, 0.0, 0.0]","[0.022814, 0.022814, 0.410652, 0.022814, 0.0, 0.0]"
STATE_MOTOR,2186461.1780038103,"[-0.008436894333371026, 0.007669903939428206, 0.572941824275287, -0.006135923151542565, 0.010737865515199488, 0.4970453053184504]","[0.0, 0.0, 0.0, 0.0, 0.0, 0.0]","[0.022814, 0.0, 0.433466, 0.022814, 0.022814, 0.0]"
STATE_MOTOR,2206521.147978492,"[-0.008436894333371026, 0.007669903939428206, 0.572941824275287, -0.006135923151542565, 0.010737865515199488, 0.4970453053184504]","[0.0, 0.0, 0.0, 0.0, 0.0, 0.0]","[0.022814, 0.0, 0.501908, 0.0, 0.0, 0.022814]"
STATE_MOTOR,2226582.178962417,"[-0.008436894333371026, 0.007669903939428206, 0.572941824275287, -0.006135923151542565, 0.010737865515199488, 0.4970453053184504]","[0.0, 0.0, 0.0, 0.0, 0.0, 0.0]","[0.022814, 0.0, 0.387838, 0.0, 0.022814, 0.0]"
STATE_MOTOR,2246654.5370407403,"[-0.008436894333371026, 0.007669903939428206, 0.572941824275287, -0.0046019423636569235, 0.010737865515199488, 0.4970453053184504]","[0.0, 0.0, 0.0, 0.0, 0.0, 0.0]","[0.022814, 0.0, 0.547536, 0.0, 0.022814, 0.022814]"
STATE_MOTOR,2266715.6780371442,"[-0.008436894333371026, 0.007669903939428206, 0.572941824275287, -0.0015339807878856412, 0.010737865515199488, 0.4970453053184504]","[0.0, 0.0, 0.0, 0.07669903939428206, 0.0, 0.0]","[0.045628, 0.0, 0.410652, 0.0, 0.022814, 0.022814]"
STATE_MOTOR,2286772.9130666703,"[-0.008436894333371026, 0.007669903939428206, 0.572941824275287, 0.0, 0.010737865515199488, 0.4970453053184504]","[0.0, 0.0, 0.0, 0.15339807878856412, 0.0, 0.0]","[0.022814, 0.0, 0.410652, 0.022814, 0.022814, 0.0]"
STATE_MOTOR,2306830.9699883685,"[-0.008436894333371026, 0.007669903939428206, 0.572941824275287, 0.0, 0.010737865515199488, 0.4970453053184504]","[0.0, 0.0, 0.0, 0.07669903939428206, 0.0, 0.0]","[0.045628, 0.0, 0.433466, 0.0, 0.0, 0.0]"
STATE_MOTOR,2326889.537042007,"[-0.006902913545485385, 0.010737865515199488, 0.572941824275287, 0.0, 0.010737865515199488, 0.4970453053184504]","[0.07669903939428206, 0.15339807878856412, 0.0, 0.0, 0.0, 0.0]","[0.022814, 0.0, 0.524722, 0.0, 0.0, 0.022814]"
STATE_MOTOR,2346950.94905328,"[-0.005368932757599744, 0.01380582709097077, 0.572941824275287, 0.0, 0.010737865515199488, 0.4970453053184504]","[0.07669903939428206, 0.15339807878856412, 0.0, 0.0, 0.0, 0.0]","[0.022814, 0.022814, 0.524722, 0.0, 0.0, 0.022814]"
STATE_MOTOR,2367017.6280429587,"[-0.003834951969714103, 0.015339807878856412, 0.572941824275287, 0.0, 0.010737865515199488, 0.4970453053184504]","[0.07669903939428206, 0.0, 0.0, 0.0, 0.0, 0.0]","[0.045628, 0.0, 0.45628, 0.022814, 0.0, 0.0]"
STATE_MOTOR,2387077.8479613364,"[-0.0023009711818284618, 0.015339807878856412, 0.572941824275287, 0.0, 0.010737865515199488, 0.4970453053184504]","[0.07669903939428206, 0.07669903939428206, 0.0, 0.0, 0.0, 0.0]","[0.022814, 0.0, 0.45628, 0.022814, 0.0, 0.0]"
STATE_MOTOR,2407135.894987732,"[0.0007669903939428206, 0.015339807878856412, 0.572941824275287, 0.0, 0.010737865515199488, 0.4970453053184504]","[0.07669903939428206, 0.0, 0.0, 0.0, 0.0, 0.0]","[0.022814, 0.0, 0.479094, 0.022814, 0.0, 0.022814]"
STATE_MOTOR,2427195.003023371,"[0.003834951969714103, 0.015339807878856412, 0.572941824275287, 0.0, 0.010737865515199488, 0.4970453053184504]","[0.15339807878856412, 0.0, 0.0, 0.0, 0.0, 0.0]","[0.022814, 0.0, 0.410652, 0.022814, 0.0, 0.0]"
STATE_MOTOR,2447251.0770428926,"[0.006902913545485385, 0.018407769454627694, 0.572941824275287, 0.0, 0.010737865515199488, 0.4970453053184504]","[0.15339807878856412, 0.07669903939428206, 0.0, 0.0, 0.0, 0.0]","[0.022814, 0.022814, 0.45628, 0.022814, 0.022814, 0.0]"
STATE_MOTOR,2467313.2590251043,"[0.009970875121256667, 0.019941750242513333, 0.572941824275287, 0.0, 0.010737865515199488, 0.4970453053184504]","[0.23009711818284617, 0.15339807878856412, 0.0, 0.0, 0.0, 0.0]","[0.022814, 0.0, 0.45628, 0.0, 0.0, 0.022814]"
STATE_MOTOR,2487374.630989507,"[0.013038836697027949, 0.023009711818284616, 0.572941824275287, 0.0, 0.010737865515199488, 0.4970453053184504]","[0.07669903939428206, 0.07669903939428206, 0.0, 0.0, 0.0, 0.0]","[0.022814, 0.0, 0.433466, 0.022814, 0.0, 0.0]"
STATE_MOTOR,2507441.4210394025,"[0.01457281748491359, 0.02454369260617026, 0.572941824275287, 0.0, 0.010737865515199488, 0.4970453053184504]","[0.15339807878856412, 0.07669903939428206, 0.0, 0.0, 0.0, 0.0]","[0.022814, 0.0, 0.45628, 0.0, 0.022814, 0.0]"
STATE_MOTOR,2527501.4700600877,"[0.017640779060684873, 0.02454369260617026, 0.572941824275287, 0.0030679615757712823, 0.010737865515199488, 0.4970453053184504]","[0.07669903939428206, 0.07669903939428206, 0.0, 0.0, 0.0, 0.0]","[0.022814, 0.0, 0.479094, 0.0, 0.022814, 0.0]"
STATE_MOTOR,2547565.986053087,"[0.019174759848570515, 0.026077673394055898, 0.572941824275287, 0.006135923151542565, 0.010737865515199488, 0.4970453053184504]","[0.15339807878856412, 0.0, 0.0, 0.15339807878856412, 0.0, 0.0]","[0.045628, 0.0, 0.479094, 0.0, 0.022814, 0.022814]"
STATE_MOTOR,2567626.856965944,"[0.022242721424341798, 0.02914563496982718, 0.572941824275287, 0.009203884727313847, 0.010737865515199488, 0.4970453053184504]","[0.07669903939428206, 0.15339807878856412, 0.0, 0.15339807878856412, 0.0, 0.0]","[0.022814, 0.022814, 0.479094, 0.022814, 0.045628, 0.0]"
STATE_MOTOR,2587687.1270593256,"[0.02531068300011308, 0.032213596545598466, 0.572941824275287, 0.010737865515199488, 0.010737865515199488, 0.4970453053184504]","[0.15339807878856412, 0.15339807878856412, 0.0, 0.15339807878856412, 0.0, 0.0]","[0.022814, 0.022814, 0.547536, 0.0, 0.022814, 0.022814]"
STATE_MOTOR,2607753.145042807,"[0.028378644575884363, 0.032213596545598466, 0.572941824275287, 0.010737865515199488, 0.010737865515199488, 0.4970453053184504]","[0.15339807878856412, 0.07669903939428206, 0.0, 0.0, 0.0, 0.0]","[0.045628, 0.0, 0.501908, 0.0, 0.022814, 0.022814]"
STATE_MOTOR,2627809.399040416,"[0.029912625363770002, 0.0337475773334841, 0.5714078434874014, 0.01227184630308513, 0.010737865515199488, 0.4970453053184504]","[0.15339807878856412, 0.07669903939428206, 0.0, 0.07669903939428206, 0.0, 0.0]","[0.045628, 0.0, 0.501908, 0.0, 0.045628, 0.0]"
STATE_MOTOR,2647868.487983942,"[0.032980586939541284, 0.035281558121369745, 0.5714078434874014, 0.01227184630308513, 0.010737865515199488, 0.4970453053184504]","[0.07669903939428206, 0.07669903939428206, -0.07669903939428206, 0.0, 0.0, 0.0]","[0.045628, 0.0, 0.45628, 0.022814, 0.022814, 0.0]"
STATE_MOTOR,2667926.504043862,"[0.037582529303198206, 0.03834951969714103, 0.5714078434874014, 0.01227184630308513, 0.01227184630308513, 0.4970453053184504]","[0.15339807878856412, 0.07669903939428206, 0.0, 0.0, 0.0, 0.0]","[0.022814, 0.0, 0.593164, 0.0, 0.022814, 0.022814]"
STATE_MOTOR,2687988.7470277026,"[0.04065049087896949, 0.04141748127291231, 0.5698738626995157, 0.015339807878856412, 0.015339807878856412, 0.4970453053184504]","[0.23009711818284617, 0.15339807878856412, -0.07669903939428206, 0.15339807878856412, 0.15339807878856412, 0.0]","[0.022814, 0.0, 0.45628, 0.0, 0.022814, 0.022814]"
STATE_MOTOR,2708045.1709916815,"[0.04371845245474077, 0.04141748127291231, 0.5698738626995157, 0.018407769454627694, 0.01687378866674205, 0.4970453053184504]","[0.15339807878856412, 0.07669903939428206, 0.0, 0.15339807878856412, 0.07669903939428206, 0.0]","[0.022814, 0.0, 0.501908, 0.0, 0.022814, 0.022814]"
STATE_MOTOR,2728101.5650369227,"[0.04678641403051206, 0.04295146206079795, 0.5698738626995157, 0.019941750242513333, 0.019941750242513333, 0.4970453053184504]","[0.15339807878856412, 0.07669903939428206, 0.0, 0.07669903939428206, 0.07669903939428206, 0.0]","[0.045628, 0.0, 0.479094, 0.022814, 0.022814, 0.0]"
STATE_MOTOR,2748165.0999980047,"[0.049854375606283335, 0.04295146206079795, 0.5698738626995157, 0.019941750242513333, 0.023009711818284616, 0.4970453053184504]","[0.15339807878856412, 0.0, 0.0, 0.0, 0.23009711818284617, 0.0]","[0.045628, 0.0, 0.524722, 0.0, 0.022814, 0.0]"
STATE_MOTOR,2768226.1409936473,"[0.05292233718205462, 0.044485442848683596, 0.5698738626995157, 0.019941750242513333, 0.02454369260617026, 0.4970453053184504]","[0.15339807878856412, 0.07669903939428206, 0.0, 0.0, 0.07669903939428206, 0.0]","[0.045628, 0.0, 0.479094, 0.022814, 0.045628, 0.022814]"
STATE_MOTOR,2788286.010036245,"[0.05752427954571154, 0.047553404424454875, 0.5698738626995157, 0.021475731030398976, 0.026077673394055898, 0.4970453053184504]","[0.15339807878856412, 0.15339807878856412, 0.0, 0.07669903939428206, 0.07669903939428206, 0.0]","[0.022814, 0.0, 0.615978, 0.022814, 0.045628, 0.022814]"
STATE_MOTOR,2808353.3010212705,"[0.06059224112148282, 0.052155346788111796, 0.5683398819116301, 0.02454369260617026, 0.02914563496982718, 0.4970453053184504]","[0.23009711818284617, 0.07669903939428206, 0.0, 0.15339807878856412, 0.07669903939428206, 0.0]","[0.022814, 0.0, 0.547536, 0.0, 0.022814, 0.0]"
STATE_MOTOR,2828412.4090569094,"[0.0636602026972541, 0.05522330836388308, 0.5668059011237444, 0.026077673394055898, 0.032213596545598466, 0.4970453053184504]","[0.15339807878856412, 0.23009711818284617, -0.07669903939428206, 0.07669903939428206, 0.23009711818284617, 0.0]","[0.022814, 0.0, 0.524722, 0.022814, 0.022814, 0.022814]"
STATE_MOTOR,2848471.547011286,"[0.06672816427302539, 0.05829126993965436, 0.5637379395479731, 0.02914563496982718, 0.0337475773334841, 0.4970453053184504]","[0.15339807878856412, 0.15339807878856412, -0.15339807878856412, 0.15339807878856412, 0.07669903939428206, 0.0]","[0.045628, 0.0, 0.365024, 0.0, 0.022814, 0.022814]"
STATE_MOTOR,2868532.6679842547,"[0.07133010663668231, 0.06442719309119693, 0.5606699779722019, 0.02914563496982718, 0.035281558121369745, 0.4970453053184504]","[0.15339807878856412, 0.23009711818284617, -0.15339807878856412, 0.0, 0.07669903939428206, 0.0]","[0.045628, 0.022814, 0.524722, 0.022814, 0.022814, 0.022814]"
STATE_MOTOR,2888593.5290018097,"[0.0743980682124536, 0.06596117387908257, 0.5606699779722019, 0.02914563496982718, 0.03834951969714103, 0.4970453053184504]","[0.23009711818284617, 0.15339807878856412, -0.07669903939428206, 0.0, 0.07669903939428206, 0.0]","[0.022814, 0.022814, 0.45628, 0.022814, 0.045628, 0.022814]"
STATE_MOTOR,2908653.0880304053,"[0.07900001057611052, 0.0674951546669682, 0.5591359971843162, 0.0337475773334841, 0.03988350048502667, 0.4970453053184504]","[0.23009711818284617, 0.15339807878856412, -0.07669903939428206, 0.15339807878856412, 0.15339807878856412, 0.0]","[0.045628, 0.022814, 0.479094, 0.022814, 0.045628, 0.022814]"
STATE_MOTOR,2928710.523992777,"[0.08360195293976744, 0.07056311624273949, 0.5576020163964306, 0.035281558121369745, 0.04295146206079795, 0.4970453053184504]","[0.23009711818284617, 0.07669903939428206, 0.0, 0.15339807878856412, 0.15339807878856412, 0.0]","[0.022814, 0.0, 0.387838, 0.022814, 0.022814, 0.022814]"
STATE_MOTOR,2948764.765053056,"[0.08820389530342436, 0.07209709703062514, 0.5576020163964306, 0.03681553890925539, 0.04601942363656923, 0.4970453053184504]","[0.15339807878856412, 0.07669903939428206, -0.07669903939428206, 0.07669903939428206, 0.07669903939428206, 0.0]","[0.045628, 0.0, 0.45628, 0.0, 0.022814, 0.022814]"
STATE_MOTOR,2968824.843992479,"[0.09127185687919565, 0.07209709703062514, 0.5576020163964306, 0.03834951969714103, 0.04908738521234052, 0.4970453053184504]","[0.23009711818284617, 0.07669903939428206, 0.0, 0.07669903939428206, 0.15339807878856412, 0.0]","[0.045628, 0.0, 0.524722, 0.0, 0.022814, 0.022814]"
STATE_MOTOR,2988882.9509727657,"[0.09587379924285257, 0.07209709703062514, 0.5576020163964306, 0.04141748127291231, 0.05062136600022616, 0.4970453053184504]","[0.23009711818284617, 0.0, 0.0, 0.15339807878856412, 0.15339807878856412, 0.0]","[0.045628, 0.0, 0.45628, 0.0, 0.045628, 0.0]"
STATE_MOTOR,3008942.7600614727,"[0.10047574160650949, 0.07363107781851078, 0.5576020163964306, 0.044485442848683596, 0.05368932757599744, 0.4970453053184504]","[0.15339807878856412, 0.0, 0.0, 0.15339807878856412, 0.15339807878856412, 0.0]","[0.022814, 0.0, 0.57035, 0.0, 0.045628, 0.0]"
STATE_MOTOR,3029026.585048996,"[0.10507768397016642, 0.07669903939428206, 0.5576020163964306, 0.044485442848683596, 0.056757289151768725, 0.4970453053184504]","[0.23009711818284617, 0.15339807878856412, 0.0, 0.0, 0.15339807878856412, 0.0]","[0.022814, 0.0, 0.615978, 0.022814, 0.045628, 0.0]"
STATE_MOTOR,3049088.758067228,"[0.10967962633382335, 0.07976700097005333, 0.5576020163964306, 0.04601942363656923, 0.05829126993965436, 0.4970453053184504]","[0.23009711818284617, 0.07669903939428206, 0.0, 0.0, 0.07669903939428206, 0.0]","[0.022814, 0.0, 0.501908, 0.0, 0.022814, 0.022814]"
STATE_MOTOR,3069147.0550373197,"[0.11428156869748027, 0.08283496254582462, 0.5560680356085449, 0.047553404424454875, 0.06289321230331128, 0.4970453053184504]","[0.23009711818284617, 0.15339807878856412, 0.0, 0.07669903939428206, 0.23009711818284617, 0.0]","[0.045628, 0.0, 0.410652, 0.0, 0.022814, 0.022814]"
