type,timestamp,positions,velocities,torques
STATE_MOTOR,5.317968316376209,"[0.006902913545485385, 0.0046019423636569235, 0.5683398819116301, -0.006135923151542565, 0.009203884727313847, 0.5036112934996717]","[0.0, 0.0, 0.0, 0.0, 0.0, 0.0]","[0.022814, 0.0, 0.34221, 0.022814, 0.022814, 0.022814]"
STATE_MOTOR,20086.667966097593,"[0.006902913545485385, 0.0046019423636569235, 0.5683398819116301, -0.006135923151542565, 0.009203884727313847, 0.5036112934996717]","[0.0, 0.0, 0.0, 0.0, 0.0, 0.0]","[0.022814, 0.0, 0.319396, 0.0, 0.022814, 0.022814]"
STATE_MOTOR,40152.78595034033,"[0.006902913545485385, 0.0046019423636569235, 0.5683398819116301, -0.006135923151542565, 0.009203884727313847, 0.5036112934996717]","[0.0, 0.0, 0.0, 0.0, 0.0, 0.0]","[0.022814, 0.022814, 0.410652, 0.022814, 0.022814, 0.022814]"
STATE_MOTOR,60210.510971955955,"[0.006902913545485385, 0.0046019423636569235, 0.5683398819116301, -0.006135923151542565, 0.009203884727313847, 0.5036112934996717]","[0.0, 0.0, 0.0, 0.0, 0.0, 0.0]","[0.0, 0.0, 0.387838, 0.022814, 0.022814, 0.022814]"
STATE_MOTOR,80269.93903331459,"[0.006902913545485385, 0.0046019423636569235, 0.5683398819116301, -0.006135923151542565, 0.009203884727313847, 0.5036112934996717]","[0.0, 0.0, 0.0, 0.0, 0.0, 0.0]","[0.022814, 0.0, 0.365024, 0.0, 0.022814, 0.0]"
STATE_MOTOR,100328.93600873649,"[0.006902913545485385, 0.0046019423636569235, 0.5683398819116301, -0.006135923151542565, 0.009203884727313847, 0.5036112934996717]","[0.0, 0.0, 0.0, 0.0, 0.0, 0.0]","[0.022814, 0.0, 0.410652, 0.0, 0.022814, 0.022814]"
STATE_MOTOR,120390.99703542888,"[0.006902913545485385, 0.0046019423636569235, 0.5683398819116301, -0.006135923151542565, 0.009203884727313847, 0.5036112934996717]","[0.0, 0.0, 0.0, 0.0, 0.0, 0.0]","[0.022814, 0.022814, 0.365024, 0.0, 0.022814, 0.0]"
STATE_MOTOR,140453.87005899101,"[0.006902913545485385, 0.0046019423636569235, 0.5683398819116301, -0.006135923151542565, 0.009203884727313847, 0.5036112934996717]","[0.0, 0.0, 0.0, 0.0, 0.0, 0.0]","[0.022814, 0.0, 0.45628, 0.0, 0.022814, 0.0]"
STATE_MOTOR,160513.12803756446,"[0.006902913545485385, 0.0046019423636569235, 0.5683398819116301, -0.006135923151542565, 0.009203884727313847, 0.5036112934996717]","[0.0, 0.0, 0.0, 0.0, 0.0, 0.0]","[0.022814, 0.0, 0.410652, 0.022814, 0.0, 0.0]"
STATE_MOTOR,180573.3770597726,"[0.006902913545485385, 0.0046019423636569235, 0.5683398819116301, -0.006135923151542565, 0.009203884727313847, 0.5036112934996717]","[0.0, 0.0, 0.0, 0.0, 0.0, 0.0]","[0.0, 0.022814, 0.501908, 0.022814, 0.022814, 0.0]"
STATE_MOTOR,200635.7490317896,"[0.006902913545485385, 0.0046019423636569235, 0.5683398819116301, -0.006135923151542565, 0.009203884727313847, 0.5036112934996717]","[0.0, 0.0, 0.0, 0.0, 0.0, 0.0]","[0.022814, 0.0, 0.365024, 0.022814, 0.022814, 0.022814]"
STATE_MOTOR,220708.11595767736,"[0.006902913545485385, 0.0046019423636569235, 0.5683398819116301, -0.006135923151542565, 0.009203884727313847, 0.5036112934996717]","[0.0, 0.0, 0.0, 0.0, 0.0, 0.0]","[0.0, 0.0, 0.433466, 0.0, 0.022814, 0.022814]"
STATE_MOTOR,240768.15403532237,"[0.006902913545485385, 0.0046019423636569235, 0.5683398819116301, -0.006135923151542565, 0.009203884727313847, 0.5036112934996717]","[0.0, 0.0, 0.0, 0.0, 0.0, 0.0]","[0.022814, 0.0, 0.34221, 0.022814, 0.022814, 0.022814]"
STATE_MOTOR,260826.22003741562,"[0.006902913545485385, 0.0046019423636569235, 0.5683398819116301, -0.006135923151542565, 0.009203884727313847, 0.5036112934996717]","[0.0, 0.0, 0.0, 0.0, 0.0, 0.0]","[0.022814, 0.022814, 0.34221, 0.0, 0.022814, 0.022814]"
STATE_MOTOR,280892.4380224198,"[0.006902913545485385, 0.0046019423636569235, 0.5683398819116301, -0.006135923151542565, 0.009203884727313847, 0.5036112934996717]","[0.0, 0.0, 0.0, 0.0, 0.0, 0.0]","[0.022814, 0.0, 0.365024, 0.022814, 0.022814, 0.0]"
STATE_MOTOR,300954.6489920467,"[0.006902913545485385, 0.0046019423636569235, 0.5683398819116301, -0.006135923151542565, 0.009203884727313847, 0.5036112934996717]","[0.0, 0.0, 0.0, 0.0, 0.0, 0.0]","[0.022814, 0.022814, 0.387838, 0.022814, 0.022814, 0.0]"
STATE_MOTOR,321013.5659901425,"[0.006902913545485385, 0.0046019423636569235, 0.5683398819116301, -0.006135923151542565, 0.009203884727313847, 0.5036112934996717]","[0.0, 0.0, 0.0, 0.0, 0.0, 0.0]","[0.022814, 0.022814, 0.319396, 0.022814, 0.0, 0.022814]"
STATE_MOTOR,341072.60301243514,"[0.006902913545485385, 0.0046019423636569235, 0.5683398819116301, -0.006135923151542565, 0.009203884727313847, 0.5036112934996717]","[0.0, 0.0, 0.0, 0.0, 0.0, 0.0]","[0.0, 0.022814, 0.365024, 0.022814, 0.022814, 0.022814]"
STATE_MOTOR,361132.601974532,"[0.006902913545485385, 0.0046019423636569235, 0.5683398819116301, -0.006135923151542565, 0.009203884727313847, 0.5036112934996717]","[0.0, 0.0, 0.0, 0.0, 0.0, 0.0]","[0.0, 0.022814, 0.365024, 0.022814, 0.022814, 0.022814]"
STATE_MOTOR,381198.9800306037,"[0.006902913545485385, 0.0046019423636569235, 0.5683398819116301, -0.006135923151542565, 0.009203884727313847, 0.5036112934996717]","[0.0, 0.0, 0.0, 0.0, 0.0, 0.0]","[0.022814, 0.0, 0.387838, 0.022814, 0.022814, 0.022814]"
STATE_MOTOR,401264.53700941056,"[0.006902913545485385, 0.0046019423636569235, 0.5683398819116301, -0.006135923151542565, 0.009203884727313847, 0.5036112934996717]","[0.0, 0.0, 0.0, 0.0, 0.0, 0.0]","[0.0, 0.0, 0.319396, 0.022814, 0.022814, 0.022814]"
STATE_MOTOR,421322.4919512868,"[0.006902913545485385, 0.0046019423636569235, 0.5683398819116301, -0.006135923151542565, 0.009203884727313847, 0.5036112934996717]","[0.0, 0.0, 0.0, 0.0, 0.0, 0.0]","[0.022814, 0.0, 0.479094, 0.022814, 0.0, 0.0]"
STATE_MOTOR,441387.1170254424,"[0.006902913545485385, 0.0046019423636569235, 0.5683398819116301, -0.006135923151542565, 0.009203884727313847, 0.5036112934996717]","[0.0, 0.0, 0.0, 0.0, 0.0, 0.0]","[0.022814, 0.0, 0.45628, 0.022814, 0.022814, 0.022814]"
STATE_MOTOR,461450.5310310051,"[0.006902913545485385, 0.0046019423636569235, 0.5683398819116301, -0.006135923151542565, 0.009203884727313847, 0.5036112934996717]","[0.0, 0.0, 0.0, 0.0, 0.0, 0.0]","[0.0, 0.022814, 0.387838, 0.022814, 0.022814, 0.022814]"
STATE_MOTOR,481507.2249621153,"[0.006902913545485385, 0.0046019423636569235, 0.5683398819116301, -0.006135923151542565, 0.009203884727313847, 0.5036112934996717]","[0.0, 0.0, 0.0, 0.0, 0.0, 0.0]","[0.022814, 0.022814, 0.45628, 0.022814, 0.045628, 0.022814]"
STATE_MOTOR,501566.84301327914,"[0.006902913545485385, 0.0046019423636569235, 0.5683398819116301, -0.006135923151542565, 0.009203884727313847, 0.5036112934996717]","[0.0, 0.0, 0.0, 0.0, 0.0, 0.0]","[0.022814, 0.022814, 0.433466, 0.022814, 0.022814, 0.0]"
STATE_MOTOR,521627.7319705114,"[0.006902913545485385, 0.0046019423636569235, 0.5683398819116301, -0.006135923151542565, 0.009203884727313847, 0.5036112934996717]","[0.0, 0.0, 0.0, 0.0, 0.0, 0.0]","[0.022814, 0.0, 0.365024, 0.022814, 0.0, 0.022814]"
STATE_MOTOR,541684.0660618618,"[0.006902913545485385, 0.0046019423636569235, 0.5683398819116301, -0.006135923151542565, 0.009203884727313847, 0.5036112934996717]","[0.0, 0.0, 0.0, 0.0, 0.0, 0.0]","[0.022814, 0.022814, 0.365024, 0.022814, 0.022814, 0.022814]"
STATE_MOTOR,561739.1669657081,"[0.006902913545485385, 0.0046019423636569235, 0.5683398819116301, -0.006135923151542565, 0.009203884727313847, 0.5036112934996717]","[0.0, 0.0, 0.0, 0.0, 0.0, 0.0]","[0.022814, 0.022814, 0.365024, 0.0, 0.022814, 0.0]"
STATE_MOTOR,581799.5360121131,"[0.006902913545485385, 0.0046019423636569235, 0.5683398819116301, -0.006135923151542565, 0.009203884727313847, 0.5036112934996717]","[0.0, 0.0, 0.0, 0.0, 0.0, 0.0]","[0.022814, 0.0, 0.45628, 0.0, 0.022814, 0.0]"
STATE_MOTOR,601858.6430000141,"[0.006902913545485385, 0.0046019423636569235, 0.5683398819116301, -0.006135923151542565, 0.009203884727313847, 0.5036112934996717]","[0.0, 0.0, 0.0, 0.0, 0.0, 0.0]","[0.0, 0.0, 0.410652, 0.022814, 0.022814, 0.022814]"
STATE_MOTOR,621917.4499856308,"[0.006902913545485385, 0.0046019423636569235, 0.5683398819116301, -0.006135923151542565, 0.009203884727313847, 0.5036112934996717]","[0.0, 0.0, 0.0, 0.0, 0.0, 0.0]","[0.022814, 0.0, 0.319396, 0.0, 0.022814, 0.022814]"
STATE_MOTOR,641977.8489507735,"[0.006902913545485385, 0.0046019423636569235, 0.5683398819116301, -0.006135923151542565, 0.009203884727313847, 0.5036112934996717]","[0.0, 0.0, 0.0, 0.0, 0.0, 0.0]","[0.022814, 0.0, 0.365024, 0.022814, 0.0, 0.022814]"
STATE_MOTOR,662037.5269558281,"[0.006902913545485385, 0.0046019423636569235, 0.5683398819116301, -0.006135923151542565, 0.009203884727313847, 0.5036112934996717]","[0.0, 0.0, 0.0, 0.0, 0.0, 0.0]","[0.0, 0.0, 0.433466, 0.022814, 0.022814, 0.022814]"
STATE_MOTOR,682103.3440064639,"[0.006902913545485385, 0.0046019423636569235, 0.5683398819116301, -0.006135923151542565, 0.009203884727313847, 0.5036112934996717]","[0.0, 0.0, 0.0, 0.0, 0.0, 0.0]","[0.022814, 0.0, 0.319396, 0.0, 0.022814, 0.022814]"
STATE_MOTOR,702163.9429731295,"[0.006902913545485385, 0.0046019423636569235, 0.5683398819116301, -0.006135923151542565, 0.009203884727313847, 0.5036112934996717]","[0.0, 0.0, 0.0, 0.0, 0.0, 0.0]","[0.022814, 0.0, 0.365024, 0.0, 0.022814, 0.022814]"
STATE_MOTOR,722223.702003248,"[0.006902913545485385, 0.0046019423636569235, 0.5683398819116301, -0.006135923151542565, 0.009203884727313847, 0.5036112934996717]","[0.0, 0.0, 0.0, 0.0, 0.0, 0.0]","[0.022814, 0.0, 0.45628, 0.022814, 0.022814, 0.022814]"
STATE_MOTOR,742282.088031061,"[0.006902913545485385, 0.0046019423636569235, 0.5683398819116301, -0.006135923151542565, 0.009203884727313847, 0.5036112934996717]","[0.0, 0.0, 0.0, 0.0, 0.0, 0.0]","[0.022814, 0.0, 0.365024, 0.0, 0.022814, 0.0]"
STATE_MOTOR,762340.1529854164,"[0.006902913545485385, 0.0046019423636569235, 0.5683398819116301, -0.006135923151542565, 0.009203884727313847, 0.5036112934996717]","[0.0, 0.0, 0.0, 0.0, 0.0, 0.0]","[0.022814, 0.0, 0.387838, 0.022814, 0.022814, 0.022814]"
STATE_MOTOR,782398.5790601,"[0.006902913545485385, 0.0046019423636569235, 0.5683398819116301, -0.006135923151542565, 0.009203884727313847, 0.5036112934996717]","[0.0, 0.0, 0.0, 0.0, 0.0, 0.0]","[0.0, 0.0, 0.433466, 0.022814, 0.0, 0.022814]"
STATE_MOTOR,802451.0570103303,"[0.006902913545485385, 0.0046019423636569235, 0.5683398819116301, -0.006135923151542565, 0.009203884727313847, 0.5036112934996717]","[0.0, 0.0, 0.0, 0.0, 0.0, 0.0]","[0.0, 0.022814, 0.410652, 0.022814, 0.022814, 0.022814]"
STATE_MOTOR,822510.9350169078,"[0.006902913545485385, 0.0046019423636569235, 0.5683398819116301, -0.006135923151542565, 0.009203884727313847, 0.5036112934996717]","[0.0, 0.0, 0.0, 0.0, 0.0, 0.0]","[0.022814, 0.0, 0.365024, 0.022814, 0.022814, 0.022814]"
STATE_MOTOR,842567.719053477,"[0.006902913545485385, 0.0046019423636569235, 0.5683398819116301, -0.006135923151542565, 0.009203884727313847, 0.5036112934996717]","[0.0, 0.0, 0.0, 0.0, 0.0, 0.0]","[0.0, 0.0, 0.410652, 0.022814, 0.022814, 0.022814]"
STATE_MOTOR,862625.5439594388,"[0.006902913545485385, 0.0046019423636569235, 0.5683398819116301, -0.006135923151542565, 0.009203884727313847, 0.5036112934996717]","[0.0, 0.0, 0.0, 0.0, 0.0, 0.0]","[0.022814, 0.0, 0.501908, 0.0, 0.0, 0.022814]"
STATE_MOTOR,882683.2489576191,"[0.006902913545485385, 0.0046019423636569235, 0.5683398819116301, -0.006135923151542565, 0.009203884727313847, 0.5036112934996717]","[0.0, 0.0, 0.0, 0.0, 0.0, 0.0]","[0.022814, 0.0, 0.34221, 0.022814, 0.022814, 0.0]"
STATE_MOTOR,902742.5460517406,"[0.006902913545485385, 0.0046019423636569235, 0.5683398819116301, -0.006135923151542565, 0.009203884727313847, 0.5036112934996717]","[0.0, 0.0, 0.0, 0.0, 0.0, 0.0]","[0.022814, 0.0, 0.387838, 0.022814, 0.022814, 0.022814]"
STATE_MOTOR,922798.9100618288,"[0.006902913545485385, 0.0046019423636569235, 0.5683398819116301, -0.006135923151542565, 0.009203884727313847, 0.5036112934996717]","[0.0, 0.0, 0.0, 0.0, 0.0, 0.0]","[0.022814, 0.0, 0.319396, 0.022814, 0.022814, 0.0]"
STATE_MOTOR,942856.3039982691,"[0.006902913545485385, 0.0046019423636569235, 0.5683398819116301, -0.006135923151542565, 0.009203884727313847, 0.5036112934996717]","[0.0, 0.0, 0.0, 0.0, 0.0, 0.0]","[0.022814, 0.0, 0.479094, 0.0, 0.022814, 0.022814]"
STATE_MOTOR,962913.2880363613,"[0.006902913545485385, 0.0046019423636569235, 0.5683398819116301, -0.006135923151542565, 0.009203884727313847, 0.5036112934996717]","[0.0, 0.0, 0.0, 0.0, 0.0, 0.0]","[0.022814, 0.0, 0.45628, 0.022814, 0.0, 0.022814]"
STATE_MOTOR,982975.5099490285,"[0.006902913545485385, 0.0046019423636569235, 0.5683398819116301, -0.006135923151542565, 0.009203884727313847, 0.5036112934996717]","[0.0, 0.0, 0.0, 0.0, 0.0, 0.0]","[0.022814, 0.0, 0.45628, 0.0, 0.022814, 0.022814]"
STATE_MOTOR,1003032.6639534906,"[0.006902913545485385, 0.0046019423636569235, 0.5683398819116301, -0.006135923151542565, 0.009203884727313847, 0.5036112934996717]","[0.0, 0.0, 0.0, 0.0, 0.0, 0.0]","[0.022814, 0.0, 0.479094, 0.0, 0.0, 0.0]"
STATE_MOTOR,1023114.284966141,"[0.006902913545485385, 0.0046019423636569235, 0.5683398819116301, -0.006135923151542565, 0.009203884727313847, 0.5036112934996717]","[0.0, 0.0, 0.0, 0.0, 0.0, 0.0]","[0.022814, 0.0, 0.365024, 0.022814, 0.022814, 0.022814]"
STATE_MOTOR,1043170.5570081249,"[0.006902913545485385, 0.0046019423636569235, 0.5683398819116301, -0.006135923151542565, 0.009203884727313847, 0.5036112934996717]","[0.0, 0.0, 0.0, 0.0, 0.0, 0.0]","[0.0, 0.0, 0.410652, 0.022814, 0.022814, 0.022814]"
STATE_MOTOR,1063229.184015654,"[0.006902913545485385, 0.0046019423636569235, 0.5683398819116301, -0.006135923151542565, 0.009203884727313847, 0.5036112934996717]","[0.0, 0.0, 0.0, 0.0, 0.0, 0.0]","[0.022814, 0.0, 0.410652, 0.022814, 0.022814, 0.0]"
STATE_MOTOR,1083310.8950173482,"[0.006902913545485385, 0.0046019423636569235, 0.5683398819116301, -0.006135923151542565, 0.009203884727313847, 0.5036112934996717]","[0.0, 0.0, 0.0, 0.0, 0.0, 0.0]","[0.022814, 0.0, 0.34221, 0.0, 0.022814, 0.0]"
STATE_MOTOR,1103369.4109646603,"[0.006902913545485385, 0.0046019423636569235, 0.5683398819116301, -0.006135923151542565, 0.009203884727313847, 0.5036112934996717]","[0.0, 0.0, 0.0, 0.0, 0.0, 0.0]","[0.0, 0.0, 0.433466, 0.022814, 0.022814, 0.022814]"
STATE_MOTOR,1123427.5869792327,"[0.006902913545485385, 0.0046019423636569235, 0.5683398819116301, -0.006135923151542565, 0.009203884727313847, 0.5036112934996717]","[0.0, 0.0, 0.0, 0.0, 0.0, 0.0]","[0.022814, 0.0, 0.365024, 0.022814, 0.022814, 0.022814]"
STATE_MOTOR,1143485.4819672182,"[0.006902913545485385, 0.0046019423636569235, 0.5683398819116301, -0.006135923151542565, 0.009203884727313847, 0.5036112934996717]","[0.0, 0.0, 0.0, 0.0, 0.0, 0.0]","[0.0, 0.0, 0.410652, 0.022814, 0.0, 0.022814]"
STATE_MOTOR,1163541.384972632,"[0.006902913545485385, 0.0046019423636569235, 0.5683398819116301, -0.006135923151542565, 0.009203884727313847, 0.5036112934996717]","[0.0, 0.0, 0.0, 0.0, 0.0, 0.0]","[0.0, 0.0, 0.319396, 0.022814, 0.022814, 0.022814]"
STATE_MOTOR,1183602.4649674073,"[0.006902913545485385, 0.0046019423636569235, 0.5683398819116301, -0.006135923151542565, 0.009203884727313847, 0.5036112934996717]","[0.0, 0.0, 0.0, 0.0, 0.0, 0.0]","[0.0, 0.0, 0.410652, 0.022814, 0.022814, 0.022814]"
STATE_MOTOR,1203660.6409819797,"[0.006902913545485385, 0.0046019423636569235, 0.5683398819116301, -0.006135923151542565, 0.009203884727313847, 0.5036112934996717]","[0.0, 0.0, 0.0, 0.0, 0.0, 0.0]","[0.0, 0.0, 0.319396, 0.022814, 0.0, 0.022814]"
STATE_MOTOR,1223714.7899577394,"[0.006902913545485385, 0.0046019423636569235, 0.5683398819116301, -0.006135923151542565, 0.009203884727313847, 0.5036112934996717]","[0.0, 0.0, 0.0, 0.0, 0.0, 0.0]","[0.0, 0.022814, 0.365024, 0.022814, 0.022814, 0.022814]"
STATE_MOTOR,1243769.2809617147,"[0.006902913545485385, 0.0046019423636569235, 0.5683398819116301, -0.006135923151542565, 0.009203884727313847, 0.5036112934996717]","[0.0, 0.0, 0.0, 0.0, 0.0, 0.0]","[0.022814, 0.0, 0.365024, 0.0, 0.0, 0.022814]"
STATE_MOTOR,1263823.6109632999,"[0.006902913545485385, 0.0046019423636569235, 0.5683398819116301, -0.006135923151542565, 0.009203884727313847, 0.5036112934996717]","[0.0, 0.0, 0.0, 0.0, 0.0, 0.0]","[0.022814, 0.022814, 0.45628, 0.0, 0.022814, 0.022814]"
STATE_MOTOR,1283885.432058014,"[0.006902913545485385, 0.0046019423636569235, 0.5683398819116301, -0.006135923151542565, 0.009203884727313847, 0.5036112934996717]","[0.0, 0.0, 0.0, 0.0, 0.0, 0.0]","[0.022814, 0.0, 0.387838, 0.022814, 0.022814, 0.022814]"
STATE_MOTOR,1303942.8970078006,"[0.006902913545485385, 0.0046019423636569235, 0.5683398819116301, -0.006135923151542565, 0.009203884727313847, 0.5036112934996717]","[0.0, 0.0, 0.0, 0.0, 0.0, 0.0]","[0.022814, 0.022814, 0.319396, 0.022814, 0.0, 0.0]"
STATE_MOTOR,1324000.3410028294,"[0.006902913545485385, 0.0046019423636569235, 0.5683398819116301, -0.006135923151542565, 0.009203884727313847, 0.5036112934996717]","[0.0, 0.0, 0.0, 0.0, 0.0, 0.0]","[0.022814, 0.0, 0.45628, 0.0, 0.0, 0.022814]"
STATE_MOTOR,1344054.6810161322,"[0.006902913545485385, 0.0046019423636569235, 0.5683398819116301, -0.006135923151542565, 0.009203884727313847, 0.5036112934996717]","[0.0, 0.0, 0.0, 0.0, 0.0, 0.0]","[0.022814, 0.0, 0.365024, 0.022814, 0.022814, 0.022814]"
STATE_MOTOR,1364110.584021546,"[0.006902913545485385, 0.0046019423636569235, 0.5683398819116301, -0.006135923151542565, 0.009203884727313847, 0.5036112934996717]","[0.0, 0.0, 0.0, 0.0, 0.0, 0.0]","[0.0, 0.0, 0.387838, 0.0, 0.022814, 0.022814]"
STATE_MOTOR,1384170.1720375568,"[0.006902913545485385, 0.0046019423636569235, 0.5683398819116301, -0.006135923151542565, 0.009203884727313847, 0.5036112934996717]","[0.0, 0.0, 0.0, 0.0, 0.0, 0.0]","[0.022814, 0.0, 0.433466, 0.022814, 0.022814, 0.0]"
STATE_MOTOR,1404229.1990481317,"[0.006902913545485385, 0.0046019423636569235, 0.5683398819116301, -0.006135923151542565, 0.009203884727313847, 0.5036112934996717]","[0.0, 0.0, 0.0, 0.0, 0.0, 0.0]","[0.022814, 0.0, 0.319396, 0.022814, 0.022814, 0.022814]"
STATE_MOTOR,1424286.874011159,"[0.006902913545485385, 0.0046019423636569235, 0.5683398819116301, -0.006135923151542565, 0.009203884727313847, 0.5036112934996717]","[0.0, 0.0, 0.0, 0.0, 0.0, 0.0]","[0.0, 0.0, 0.319396, 0.0, 0.022814, 0.022814]"
STATE_MOTOR,1444348.2940550894,"[0.006902913545485385, 0.0046019423636569235, 0.5683398819116301, -0.006135923151542565, 0.009203884727313847, 0.5036112934996717]","[0.0, 0.0, 0.0, 0.0, 0.0, 0.0]","[0.022814, 0.0, 0.410652, 0.0, 0.022814, 0.022814]"
STATE_MOTOR,1464414.9530213326,"[0.006902913545485385, 0.0046019423636569235, 0.5683398819116301, -0.006135923151542565, 0.009203884727313847, 0.5036112934996717]","[0.0, 0.0, 0.0, 0.0, 0.0, 0.0]","[0.022814, 0.0, 0.410652, 0.0, 0.022814, 0.022814]"
STATE_MOTOR,1484474.8809700832,"[0.006902913545485385, 0.0046019423636569235, 0.5683398819116301, -0.006135923151542565, 0.009203884727313847, 0.5036112934996717]","[0.0, 0.0, 0.0, 0.0, 0.0, 0.0]","[0.022814, 0.0, 0.34221, 0.022814, 0.022814, 0.0]"
STATE_MOTOR,1504532.436025329,"[0.006902913545485385, 0.0046019423636569235, 0.5683398819116301, -0.006135923151542565, 0.009203884727313847, 0.5036112934996717]","[0.0, 0.0, 0.0, 0.0, 0.0, 0.0]","[0.022814, 0.0, 0.34221, 0.022814, 0.022814, 0.0]"
STATE_MOTOR,1524589.0889782459,"[0.006902913545485385, 0.0046019423636569235, 0.5683398819116301, -0.006135923151542565, 0.009203884727313847, 0.5036112934996717]","[0.0, 0.0, 0.0, 0.0, 0.0, 0.0]","[0.0, 0.022814, 0.387838, 0.022814, 0.0, 0.022814]"
STATE_MOTOR,1544645.401998423,"[0.006902913545485385, 0.0046019423636569235, 0.5683398819116301, -0.006135923151542565, 0.009203884727313847, 0.5036112934996717]","[0.0, 0.0, 0.0, 0.0, 0.0, 0.0]","[0.022814, 0.0, 0.365024, 0.0, 0.022814, 0.022814]"
STATE_MOTOR,1564701.574970968,"[0.006902913545485385, 0.0046019423636569235, 0.5683398819116301, -0.006135923151542565, 0.009203884727313847, 0.5036112934996717]","[0.0, 0.0, 0.0, 0.0, 0.0, 0.0]","[0.0, 0.0, 0.479094, 0.0, 0.022814, 0.022814]"
STATE_MOTOR,1584760.5819581077,"[0.006902913545485385, 0.0046019423636569235, 0.5683398819116301, -0.006135923151542565, 0.009203884727313847, 0.5036112934996717]","[0.0, 0.0, 0.0, 0.0, 0.0, 0.0]","[0.022814, 0.0, 0.365024, 0.0, 0.022814, 0.022814]"
STATE_MOTOR,1604819.6690389886,"[0.006902913545485385, 0.0046019423636569235, 0.5683398819116301, -0.006135923151542565, 0.009203884727313847, 0.5036112934996717]","[0.0, 0.0, 0.0, 0.0, 0.0, 0.0]","[0.022814, 0.0, 0.365024, 0.022814, 0.022814, 0.0]"
STATE_MOTOR,1624877.5649582967,"[0.006902913545485385, 0.0046019423636569235, 0.5683398819116301, -0.006135923151542565, 0.009203884727313847, 0.5036112934996717]","[0.0, 0.0, 0.0, 0.0, 0.0, 0.0]","[0.022814, 0.0, 0.45628, 0.0, 0.0, 0.0]"
STATE_MOTOR,1644934.5990549773,"[0.006902913545485385, 0.0046019423636569235, 0.5683398819116301, -0.006135923151542565, 0.009203884727313847, 0.5036112934996717]","[0.0, 0.0, 0.0, 0.0, 0.0, 0.0]","[0.0, 0.0, 0.410652, 0.022814, 0.0, 0.022814]"
STATE_MOTOR,1664993.5760069638,"[0.006902913545485385, 0.0046019423636569235, 0.5683398819116301, -0.006135923151542565, 0.009203884727313847, 0.5036112934996717]","[0.0, 0.0, 0.0, 0.0, 0.0, 0.0]","[0.022814, 0.0, 0.479094, 0.022814, 0.022814, 0.0]"
STATE_MOTOR,1685051.6820559278,"[0.006902913545485385, 0.0046019423636569235, 0.5683398819116301, -0.006135923151542565, 0.009203884727313847, 0.5036112934996717]","[0.0, 0.0, 0.0, 0.0, 0.0, 0.0]","[0.0, 0.022814, 0.410652, 0.0, 0.022814, 0.022814]"
STATE_MOTOR,1705108.0550299957,"[0.006902913545485385, 0.0046019423636569235, 0.5683398819116301, -0.006135923151542565, 0.009203884727313847, 0.5036112934996717]","[0.0, 0.0, 0.0, 0.0, 0.0, 0.0]","[0.0, 0.0, 0.365024, 0.0, 0.022814, 0.022814]"
STATE_MOTOR,1725167.992990464,"[0.006902913545485385, 0.0046019423636569235, 0.5683398819116301, -0.006135923151542565, 0.009203884727313847, 0.5036112934996717]","[0.0, 0.0, 0.0, 0.0, 0.0, 0.0]","[0.022814, 0.0, 0.34221, 0.022814, 0.022814, 0.0]"
STATE_MOTOR,1745226.4489838853,"[0.006902913545485385, 0.0046019423636569235, 0.5683398819116301, -0.006135923151542565, 0.009203884727313847, 0.5036112934996717]","[0.0, 0.0, 0.0, 0.0, 0.0, 0.0]","[0.022814, 0.0, 0.365024, 0.0, 0.0, 0.022814]"
STATE_MOTOR,1765284.2439711094,"[0.006902913545485385, 0.0046019423636569235, 0.5683398819116301, -0.006135923151542565, 0.009203884727313847, 0.5036112934996717]","[0.0, 0.0, 0.0, 0.0, 0.0, 0.0]","[0.022814, 0.0, 0.410652, 0.0, 0.0, 0.0]"
STATE_MOTOR,1785342.609975487,"[0.006902913545485385, 0.0046019423636569235, 0.5683398819116301, -0.006135923151542565, 0.009203884727313847, 0.5036112934996717]","[0.0, 0.0, 0.0, 0.0, 0.0, 0.0]","[0.022814, 0.0, 0.365024, 0.022814, 0.022814, 0.022814]"
STATE_MOTOR,1805398.3730496839,"[0.006902913545485385, 0.0046019423636569235, 0.5683398819116301, -0.006135923151542565, 0.009203884727313847, 0.5036112934996717]","[0.0, 0.0, 0.0, 0.0, 0.0, 0.0]","[0.022814, 0.0, 0.34221, 0.0, 0.022814, 0.022814]"
STATE_MOTOR,1825457.6700273901,"[0.006902913545485385, 0.0046019423636569235, 0.5683398819116301, -0.006135923151542565, 0.009203884727313847, 0.5036112934996717]","[0.0, 0.0, 0.0, 0.0, 0.0, 0.0]","[0.0, 0.0, 0.479094, 0.022814, 0.022814, 0.022814]"
STATE_MOTOR,1845516.3260223344,"[0.006902913545485385, 0.0046019423636569235, 0.5683398819116301, -0.006135923151542565, 0.009203884727313847, 0.5036112934996717]","[0.0, 0.0, 0.0, 0.0, 0.0, 0.0]","[0.022814, 0.0, 0.365024, 0.0, 0.022814, 0.022814]"
STATE_MOTOR,1865574.021008797,"[0.006902913545485385, 0.0046019423636569235, 0.5683398819116301, -0.006135923151542565, 0.009203884727313847, 0.5036112934996717]","[0.0, 0.0, 0.0, 0.0, 0.0, 0.0]","[0.022814, 0.0, 0.34221, 0.0, 0.022814, 0.022814]"
STATE_MOTOR,1885637.784958817,"[0.006902913545485385, 0.0046019423636569235, 0.5683398819116301, -0.006135923151542565, 0.009203884727313847, 0.5036112934996717]","[0.0, 0.0, 0.0, 0.0, 0.0, 0.0]","[0.022814, 0.0, 0.410652, 0.0, 0.022814, 0.0]"
STATE_MOTOR,1905696.091009304,"[0.006902913545485385, 0.0046019423636569235, 0.5683398819116301, -0.006135923151542565, 0.009203884727313847, 0.5036112934996717]","[0.0, 0.0, 0.0, 0.0, 0.0, 0.0]","[0.022814, 0.0, 0.479094, 0.022814, 0.022814, 0.0]"
STATE_MOTOR,1925754.1269762442,"[0.006902913545485385, 0.0046019423636569235, 0.5683398819116301, -0.006135923151542565, 0.009203884727313847, 0.5036112934996717]","[0.0, 0.0, 0.0, 0.0, 0.0, 0.0]","[0.022814, 0.022814, 0.319396, 0.022814, 0.022814, 0.022814]"
STATE_MOTOR,1945812.8029946238,"[0.006902913545485385, 0.0046019423636569235, 0.5683398819116301, -0.006135923151542565, 0.009203884727313847, 0.5036112934996717]","[0.0, 0.0, 0.0, 0.0, 0.0, 0.0]","[0.0, 0.022814, 0.365024, 0.0, 0.022814, 0.022814]"
STATE_MOTOR,1965871.6099802405,"[0.006902913545485385, 0.0046019423636569235, 0.5683398819116301, -0.006135923151542565, 0.009203884727313847, 0.5036112934996717]","[0.0, 0.0, 0.0, 0.0, 0.0, 0.0]","[0.022814, 0.0, 0.479094, 0.0, 0.022814, 0.022814]"
STATE_MOTOR,1985926.711000502,"[0.006902913545485385, 0.0046019423636569235, 0.5683398819116301, -0.006135923151542565, 0.009203884727313847, 0.5036112934996717]","[0.0, 0.0, 0.0, 0.0, 0.0, 0.0]","[0.0, 0.0, 0.319396, 0.0, 0.022814, 0.045628]"
STATE_MOTOR,2005986.1990157515,"[0.006902913545485385, 0.0046019423636569235, 0.5683398819116301, -0.006135923151542565, 0.009203884727313847, 0.5036112934996717]","[0.0, 0.0, 0.0, 0.0, 0.0, 0.0]","[0.0, 0.0, 0.365024, 0.0, 0.022814, 0.022814]"
STATE_MOTOR,2026071.3349562138,"[0.006902913545485385, 0.0046019423636569235, 0.5683398819116301, -0.006135923151542565, 0.009203884727313847, 0.5036112934996717]","[0.0, 0.0, 0.0, 0.0, 0.0, 0.0]","[0.022814, 0.0, 0.365024, 0.0, 0.022814, 0.022814]"
STATE_MOTOR,2046128.6690551788,"[0.006902913545485385, 0.0046019423636569235, 0.5683398819116301, -0.006135923151542565, 0.009203884727313847, 0.5036112934996717]","[0.0, 0.0, 0.0, 0.0, 0.0, 0.0]","[0.0, 0.0, 0.319396, 0.022814, 0.022814, 0.0]"
STATE_MOTOR,2066189.078032039,"[0.006902913545485385, 0.0046019423636569235, 0.5683398819116301, -0.006135923151542565, 0.009203884727313847, 0.5036112934996717]","[0.0, 0.0, 0.0, 0.0, 0.0, 0.0]","[0.022814, 0.0, 0.387838, 0.022814, 0.022814, 0.022814]"
STATE_MOTOR,2086248.2249503955,"[0.006902913545485385, 0.0046019423636569235, 0.5683398819116301, -0.006135923151542565, 0.009203884727313847, 0.5036112934996717]","[0.0, 0.0, 0.0, 0.0, 0.0, 0.0]","[0.022814, 0.0, 0.365024, 0.022814, 0.022814, 0.022814]"
STATE_MOTOR,2106303.968001157,"[0.006902913545485385, 0.0046019423636569235, 0.5683398819116301, -0.006135923151542565, 0.009203884727313847, 0.5036112934996717]","[0.0, 0.0, 0.0, 0.0, 0.0, 0.0]","[0.022814, 0.022814, 0.319396, 0.022814, 0.0, 0.022814]"
STATE_MOTOR,2126362.493960187,"[0.006902913545485385, 0.0046019423636569235, 0.5683398819116301, -0.006135923151542565, 0.009203884727313847, 0.5036112934996717]","[0.0, 0.0, 0.0, 0.0, 0.0, 0.0]","[0.022814, 0.022814, 0.479094, 0.0, 0.022814, 0.0]"
STATE_MOTOR,2146422.9229604825,"[0.006902913545485385, 0.0046019423636569235, 0.5683398819116301, -0.006135923151542565, 0.009203884727313847, 0.5036112934996717]","[0.0, 0.0, 0.0, 0.0, 0.0, 0.0]","[0.022814, 0.0, 0.319396, 0.0, 0.022814, 0.022814]"
STATE_MOTOR,2166482.551023364,"[0.006902913545485385, 0.0046019423636569235, 0.5683398819116301, -0.006135923151542565, 0.009203884727313847, 0.5036112934996717]","[0.0, 0.0, 0.0, 0.0, 0.0, 0.0]","[0.022814, 0.0, 0.45628, 0.022814, 0.022814, 0.022814]"
STATE_MOTOR,2186541.2270417437,"[0.006902913545485385, 0.0046019423636569235, 0.5683398819116301, -0.006135923151542565, 0.009203884727313847, 0.5036112934996717]","[0.0, 0.0, 0.0, 0.0, 0.0, 0.0]","[0.022814, 0.0, 0.34221, 0.022814, 0.022814, 0.022814]"
STATE_MOTOR,2206595.908035524,"[0.006902913545485385, 0.0046019423636569235, 0.5683398819116301, -0.006135923151542565, 0.009203884727313847, 0.5036112934996717]","[0.0, 0.0, 0.0, 0.0, 0.0, 0.0]","[0.022814, 0.0, 0.479094, 0.022814, 0.0, 0.022814]"
STATE_MOTOR,2226654.603960924,"[0.006902913545485385, 0.0046019423636569235, 0.5683398819116301, -0.006135923151542565, 0.009203884727313847, 0.5036112934996717]","[0.0, 0.0, 0.0, 0.0, 0.0, 0.0]","[0.022814, 0.0, 0.365024, 0.0, 0.022814, 0.0]"
STATE_MOTOR,2246711.6790357977,"[0.006902913545485385, 0.0046019423636569235, 0.5683398819116301, -0.006135923151542565, 0.009203884727313847, 0.5036112934996717]","[0.0, 0.0, 0.0, 0.0, 0.0, 0.0]","[0.0, 0.0, 0.365024, 0.0, 0.0, 0.022814]"
STATE_MOTOR,2266768.692061305,"[0.006902913545485385, 0.0046019423636569235, 0.5683398819116301, -0.006135923151542565, 0.009203884727313847, 0.5036112934996717]","[0.0, 0.0, 0.0, 0.0, 0.0, 0.0]","[0.022814, 0.0, 0.387838, 0.022814, 0.0, 0.0]"
STATE_MOTOR,2286832.256009802,"[0.006902913545485385, 0.0046019423636569235, 0.5683398819116301, -0.006135923151542565, 0.009203884727313847, 0.5036112934996717]","[0.0, 0.0, 0.0, 0.0, 0.0, 0.0]","[0.0, 0.0, 0.387838, 0.022814, 0.022814, 0.022814]"
STATE_MOTOR,2306892.1050289646,"[0.006902913545485385, 0.0046019423636569235, 0.5683398819116301, -0.006135923151542565, 0.009203884727313847, 0.5036112934996717]","[0.0, 0.0, 0.0, 0.0, 0.0, 0.0]","[0.0, 0.0, 0.387838, 0.0, 0.0, 0.022814]"
STATE_MOTOR,2326949.559035711,"[0.006902913545485385, 0.0046019423636569235, 0.5683398819116301, -0.006135923151542565, 0.009203884727313847, 0.5036112934996717]","[0.0, 0.0, 0.0, 0.0, 0.0, 0.0]","[0.0, 0.0, 0.319396, 0.022814, 0.022814, 0.0]"
STATE_MOTOR,2347005.6919613853,"[0.006902913545485385, 0.0046019423636569235, 0.5683398819116301, -0.006135923151542565, 0.009203884727313847, 0.5036112934996717]","[0.0, 0.0, 0.0, 0.0, 0.0, 0.0]","[0.022814, 0.0, 0.319396, 0.022814, 0.022814, 0.0]"
STATE_MOTOR,2367060.9729597345,"[0.006902913545485385, 0.0046019423636569235, 0.5683398819116301, -0.006135923151542565, 0.009203884727313847, 0.5036112934996717]","[0.0, 0.0, 0.0, 0.0, 0.0, 0.0]","[0.022814, 0.0, 0.410652, 0.0, 0.022814, 0.022814]"
STATE_MOTOR,2387118.277954869,"[0.006902913545485385, 0.007669903939428206, 0.5683398819116301, -0.006135923151542565, 0.009203884727313847, 0.5036112934996717]","[0.0, 0.07669903939428206, 0.0, 0.0, 0.0, 0.0]","[0.0, 0.022814, 0.387838, 0.022814, 0.022814, 0.0]"
STATE_MOTOR,2407174.0199578926,"[0.006902913545485385, 0.009203884727313847, 0.5683398819116301, -0.006135923151542565, 0.009203884727313847, 0.5036112934996717]","[0.0, 0.15339807878856412, 0.0, 0.0, 0.0, 0.0]","[0.022814, 0.0, 0.433466, 0.022814, 0.022814, 0.022814]"
STATE_MOTOR,2427232.5159981847,"[0.006902913545485385, 0.010737865515199488, 0.5683398819116301, -0.006135923151542565, 0.009203884727313847, 0.5036112934996717]","[0.0, 0.0, 0.0, 0.0, 0.0, 0.0]","[0.022814, 0.0, 0.319396, 0.0, 0.0, 0.0]"
STATE_MOTOR,2447292.314027436,"[0.006902913545485385, 0.010737865515199488, 0.5683398819116301, -0.006135923151542565, 0.009203884727313847, 0.5036112934996717]","[0.0, 0.07669903939428206, 0.0, 0.0, 0.0, 0.0]","[0.022814, 0.0, 0.319396, 0.0, 0.022814, 0.022814]"
STATE_MOTOR,2467351.3510497287,"[0.006902913545485385, 0.010737865515199488, 0.5683398819116301, -0.006135923151542565, 0.009203884727313847, 0.5036112934996717]","[0.0, 0.0, 0.0, 0.0, 0.0, 0.0]","[0.022814, 0.0, 0.365024, 0.022814, 0.022814, 0.022814]"
STATE_MOTOR,2487408.3950417116,"[0.006902913545485385, 0.010737865515199488, 0.5683398819116301, -0.006135923151542565, 0.009203884727313847, 0.5036112934996717]","[0.0, 0.0, 0.0, 0.0, 0.0, 0.0]","[0.0, 0.0, 0.296582, 0.022814, 0.022814, 0.022814]"
STATE_MOTOR,2507464.8880399764,"[0.006902913545485385, 0.010737865515199488, 0.5683398819116301, -0.006135923151542565, 0.009203884727313847, 0.5036112934996717]","[0.0, 0.0, 0.0, 0.0, 0.0, 0.0]","[0.022814, 0.0, 0.296582, 0.0, 0.022814, 0.022814]"
STATE_MOTOR,2527520.920964889,"[0.006902913545485385, 0.010737865515199488, 0.5683398819116301, -0.006135923151542565, 0.009203884727313847, 0.5036112934996717]","[0.0, 0.0, 0.0, 0.0, 0.0, 0.0]","[0.0, 0.0, 0.387838, 0.0, 0.022814, 0.0]"
STATE_MOTOR,2547580.7989714667,"[0.006902913545485385, 0.010737865515199488, 0.5683398819116301, -0.006135923151542565, 0.009203884727313847, 0.5036112934996717]","[0.0, 0.0, 0.0, 0.0, 0.0, 0.0]","[0.022814, 0.022814, 0.365024, 0.0, 0.022814, 0.022814]"
STATE_MOTOR,2567637.703032233,"[0.006902913545485385, 0.010737865515199488, 0.5683398819116301, -0.006135923151542565, 0.009203884727313847, 0.5036112934996717]","[0.0, 0.0, 0.0, 0.0, 0.0, 0.0]","[0.022814, 0.0, 0.273768, 0.022814, 0.022814, 0.022814]"
STATE_MOTOR,2587694.6470234543,"[0.006902913545485385, 0.010737865515199488, 0.5683398819116301, -0.006135923151542565, 0.009203884727313847, 0.5036112934996717]","[0.0, 0.0, 0.0, 0.0, 0.0, 0.0]","[0.022814, 0.0, 0.410652, 0.022814, 0.022814, 0.022814]"
STATE_MOTOR,2607754.886033945,"[0.006902913545485385, 0.01227184630308513, 0.5683398819116301, -0.006135923151542565, 0.009203884727313847, 0.5036112934996717]","[0.0, 0.0, 0.0, 0.0, 0.0, 0.0]","[0.022814, 0.0, 0.296582, 0.022814, 0.0, 0.022814]"
STATE_MOTOR,2627810.1570205763,"[0.006902913545485385, 0.01380582709097077, 0.5683398819116301, -0.006135923151542565, 0.009203884727313847, 0.5036112934996717]","[0.0, 0.15339807878856412, 0.0, 0.0, 0.0, 0.0]","[0.022814, 0.0, 0.296582, 0.0, 0.0, 0.022814]"
STATE_MOTOR,2647868.9740179107,"[0.006902913545485385, 0.01380582709097077, 0.5683398819116301, -0.006135923151542565, 0.009203884727313847, 0.5036112934996717]","[0.0, 0.0, 0.0, 0.0, 0.0, 0.0]","[0.022814, 0.0, 0.319396, 0.022814, 0.022814, 0.022814]"
STATE_MOTOR,2667926.8890293315,"[0.006902913545485385, 0.01380582709097077, 0.5683398819116301, -0.006135923151542565, 0.009203884727313847, 0.5036112934996717]","[0.0, 0.0, 0.0, 0.0, 0.0, 0.0]","[0.022814, 0.022814, 0.410652, 0.022814, 0.022814, 0.022814]"
STATE_MOTOR,2687985.816039145,"[0.006902913545485385, 0.015339807878856412, 0.5683398819116301, -0.006135923151542565, 0.009203884727313847, 0.5036112934996717]","[0.0, 0.0, 0.0, 0.0, 0.0, 0.0]","[0.022814, 0.0, 0.319396, 0.0, 0.022814, 0.0]"
STATE_MOTOR,2708046.5259496123,"[0.006902913545485385, 0.018407769454627694, 0.5683398819116301, -0.006135923151542565, 0.009203884727313847, 0.5036112934996717]","[0.0, 0.15339807878856412, 0.0, 0.0, 0.0, 0.0]","[0.022814, 0.0, 0.273768, 0.022814, 0.022814, 0.022814]"
STATE_MOTOR,2728105.5729836226,"[0.006902913545485385, 0.019941750242513333, 0.5683398819116301, -0.006135923151542565, 0.009203884727313847, 0.5036112934996717]","[0.0, 0.07669903939428206, 0.0, 0.0, 0.0, 0.0]","[0.022814, 0.0, 0.250954, 0.0, 0.022814, 0.022814]"
STATE_MOTOR,2748163.0069669336,"[0.006902913545485385, 0.019941750242513333, 0.5683398819116301, -0.006135923151542565, 0.009203884727313847, 0.5036112934996717]","[0.0, 0.07669903939428206, 0.0, 0.0, 0.0, 0.0]","[0.022814, 0.0, 0.387838, 0.0, 0.022814, 0.0]"
STATE_MOTOR,2768231.3079712912,"[0.006902913545485385, 0.019941750242513333, 0.5683398819116301, -0.006135923151542565, 0.009203884727313847, 0.5036112934996717]","[0.0, 0.0, 0.0, 0.0, 0.0, 0.0]","[0.045628, 0.0, 0.273768, 0.0, 0.022814, 0.022814]"
STATE_MOTOR,2788290.844997391,"[0.006902913545485385, 0.019941750242513333, 0.5683398819116301, -0.006135923151542565, 0.009203884727313847, 0.5036112934996717]","[0.0, 0.0, 0.0, 0.0, 0.0, 0.0]","[0.022814, 0.0, 0.250954, 0.0, 0.022814, 0.022814]"
STATE_MOTOR,2808355.120010674,"[0.006902913545485385, 0.019941750242513333, 0.5683398819116301, -0.006135923151542565, 0.009203884727313847, 0.5036112934996717]","[0.0, 0.0, 0.0, 0.0, 0.0, 0.0]","[0.022814, 0.0, 0.250954, 0.022814, 0.022814, 0.022814]"
STATE_MOTOR,2828410.2519974113,"[0.006902913545485385, 0.021475731030398976, 0.5683398819116301, -0.006135923151542565, 0.009203884727313847, 0.5036112934996717]","[0.0, 0.0, 0.0, 0.0, 0.0, 0.0]","[0.022814, 0.0, 0.319396, 0.0, 0.0, 0.022814]"
STATE_MOTOR,2848449.098994024,"[0.006902913545485385, 0.023009711818284616, 0.5683398819116301, -0.006135923151542565, 0.009203884727313847, 0.5036112934996717]","[0.0, 0.07669903939428206, 0.0, 0.0, 0.0, 0.0]","[0.022814, 0.022814, 0.250954, 0.022814, 0.022814, 0.022814]"
STATE_MOTOR,2868511.109962128,"[0.008436894333371026, 0.02454369260617026, 0.5683398819116301, -0.006135923151542565, 0.009203884727313847, 0.5036112934996717]","[0.0, 0.07669903939428206, 0.0, 0.0, 0.0, 0.0]","[0.022814, 0.0, 0.250954, 0.0, 0.022814, 0.0]"
STATE_MOTOR,2888568.9249727875,"[0.008436894333371026, 0.02761165418194154, 0.5683398819116301, -0.006135923151542565, 0.009203884727313847, 0.5036112934996717]","[0.07669903939428206, 0.15339807878856412, 0.0, 0.0, 0.0, 0.0]","[0.022814, 0.0, 0.22814, 0.0, 0.022814, 0.0]"
STATE_MOTOR,2908629.0339473635,"[0.008436894333371026, 0.02914563496982718, 0.5683398819116301, -0.006135923151542565, 0.009203884727313847, 0.5036112934996717]","[0.0, 0.07669903939428206, 0.0, 0.0, 0.0, 0.0]","[0.022814, 0.022814, 0.250954, 0.022814, 0.022814, 0.0]"
STATE_MOTOR,2928686.9789939374,"[0.006902913545485385, 0.030679615757712823, 0.5683398819116301, -0.006135923151542565, 0.009203884727313847, 0.5036112934996717]","[-0.07669903939428206, 0.15339807878856412, 0.0, 0.0, 0.0, 0.0]","[0.022814, 0.022814, 0.273768, 0.022814, 0.022814, 0.022814]"
STATE_MOTOR,2948741.520056501,"[0.006902913545485385, 0.030679615757712823, 0.5683398819116301, -0.006135923151542565, 0.009203884727313847, 0.5036112934996717]","[0.0, 0.0, 0.0, 0.0, 0.0, 0.0]","[0.022814, 0.022814, 0.250954, 0.022814, 0.022814, 0.0]"
STATE_MOTOR,2968797.271954827,"[0.006902913545485385, 0.030679615757712823, 0.5683398819116301, -0.006135923151542565, 0.009203884727313847, 0.5036112934996717]","[0.0, 0.0, 0.0, 0.0, 0.0, 0.0]","[0.0, 0.0, 0.273768, 0.022814, 0.0, 0.0]"
STATE_MOTOR,2988856.0980325565,"[0.006902913545485385, 0.02914563496982718, 0.5683398819116301, -0.006135923151542565, 0.009203884727313847, 0.5036112934996717]","[0.0, 0.0, 0.0, 0.0, 0.0, 0.0]","[0.022814, 0.0, 0.205326, 0.0, 0.0, 0.0]"
STATE_MOTOR,3008914.9250416085,"[0.006902913545485385, 0.02914563496982718, 0.5683398819116301, -0.006135923151542565, 0.009203884727313847, 0.5036112934996717]","[0.0, -0.07669903939428206, 0.0, 0.0, 0.0, 0.0]","[0.022814, 0.0, 0.296582, 0.0, 0.022814, 0.0]"
STATE_MOTOR,3029001.2130280957,"[0.008436894333371026, 0.030679615757712823, 0.5683398819116301, -0.006135923151542565, 0.009203884727313847, 0.5036112934996717]","[0.0, 0.0, 0.0, 0.0, 0.0, 0.0]","[0.022814, 0.0, 0.205326, 0.0, 0.0, 0.0]"
STATE_MOTOR,3049056.1940241605,"[0.008436894333371026, 0.035281558121369745, 0.5683398819116301, -0.006135923151542565, 0.009203884727313847, 0.5036112934996717]","[0.07669903939428206, 0.07669903939428206, 0.0, 0.0, 0.0, 0.0]","[0.045628, 0.0, 0.273768, 0.022814, 0.022814, 0.022814]"
STATE_MOTOR,3069117.5640095025,"[0.006902913545485385, 0.03834951969714103, 0.5683398819116301, -0.006135923151542565, 0.009203884727313847, 0.5036112934996717]","[0.0, 0.23009711818284617, 0.0, 0.0, 0.0, 0.0]","[0.0, 0.022814, 0.205326, 0.0, 0.022814, 0.022814]"
STATE_MOTOR,3089176.3910185546,"[0.006902913545485385, 0.03988350048502667, 0.5683398819116301, -0.006135923151542565, 0.009203884727313847, 0.5036112934996717]","[-0.07669903939428206, 0.15339807878856412, 0.0, 0.0, 0.0, 0.0]","[0.022814, 0.0, 0.182512, 0.0, 0.022814, 0.022814]"
STATE_MOTOR,3109235.318028368,"[0.006902913545485385, 0.03988350048502667, 0.5683398819116301, -0.006135923151542565, 0.009203884727313847, 0.5036112934996717]","[0.0, 0.07669903939428206, 0.0, 0.0, 0.0, 0.0]","[0.0, 0.0, 0.205326, 0.022814, 0.022814, 0.022814]"
STATE_MOTOR,3129292.250960134,"[0.006902913545485385, 0.03988350048502667, 0.5683398819116301, -0.006135923151542565, 0.009203884727313847, 0.5036112934996717]","[0.0, 0.0, 0.0, 0.0, 0.0, 0.0]","[0.022814, 0.0, 0.205326, 0.0, 0.022814, 0.022814]"
STATE_MOTOR,3149351.579020731,"[0.006902913545485385, 0.03988350048502667, 0.5683398819116301, -0.006135923151542565, 0.009203884727313847, 0.5036112934996717]","[0.0, 0.0, 0.0, 0.0, 0.0, 0.0]","[0.022814, 0.022814, 0.182512, 0.022814, 0.022814, 0.0]"
