type,timestamp,positions,velocities,torques
STATE_MOTOR,1.3220123946666718,"[0.006902913545485385, 0.0046019423636569235, 0.5744758050631726, -0.006135923151542565, -0.006135923151542565, 0.49770190413657256]","[0.0, 0.0, 0.0, 0.0, 0.0, 0.0]","[0.0, 0.0, 0.387838, 0.022814, 0.022814, 0.022814]"
STATE_MOTOR,20076.310029253364,"[0.006902913545485385, 0.0046019423636569235, 0.5744758050631726, -0.006135923151542565, -0.006135923151542565, 0.49770190413657256]","[0.0, 0.0, 0.0, 0.0, 0.0, 0.0]","[0.0, 0.0, 0.387838, 0.022814, 0.0, 0.022814]"
STATE_MOTOR,40138.52903153747,"[0.006902913545485385, 0.0046019423636569235, 0.5744758050631726, -0.006135923151542565, -0.006135923151542565, 0.49770190413657256]","[0.0, 0.0, 0.0, 0.0, 0.0, 0.0]","[0.0, 0.0, 0.45628, 0.022814, 0.0, 0.022814]"
STATE_MOTOR,60198.36408086121,"[0.006902913545485385, 0.0046019423636569235, 0.5744758050631726, -0.006135923151542565, -0.006135923151542565, 0.49770190413657256]","[0.0, 0.0, 0.0, 0.0, 0.0, 0.0]","[0.022814, 0.0, 0.524722, 0.022814, 0.0, 0.0]"
STATE_MOTOR,80256.60703424364,"[0.006902913545485385, 0.0046019423636569235, 0.5744758050631726, -0.006135923151542565, -0.006135923151542565, 0.49770190413657256]","[0.0, 0.0, 0.0, 0.0, 0.0, 0.0]","[0.022814, 0.0, 0.387838, 0.0, 0.022814, 0.0]"
STATE_MOTOR,100317.55408272147,"[0.006902913545485385, 0.0046019423636569235, 0.5744758050631726, -0.006135923151542565, -0.006135923151542565, 0.49770190413657256]","[0.0, 0.0, 0.0, 0.0, 0.0, 0.0]","[0.0, 0.022814, 0.410652, 0.022814, 0.022814, 0.022814]"
STATE_MOTOR,120375.58702286333,"[0.006902913545485385, 0.0046019423636569235, 0.5744758050631726, -0.006135923151542565, -0.006135923151542565, 0.49770190413657256]","[0.0, 0.0, 0.0, 0.0, 0.0, 0.0]","[0.022814, 0.0, 0.547536, 0.022814, 0.022814, 0.0]"
STATE_MOTOR,140434.37002692372,"[0.006902913545485385, 0.0046019423636569235, 0.5744758050631726, -0.006135923151542565, -0.006135923151542565, 0.49770190413657256]","[0.0, 0.0, 0.0, 0.0, 0.0, 0.0]","[0.0, 0.0, 0.387838, 0.022814, 0.0, 0.022814]"
STATE_MOTOR,160494.62603405118,"[0.006902913545485385, 0.0046019423636569235, 0.5744758050631726, -0.006135923151542565, -0.006135923151542565, 0.49770190413657256]","[0.0, 0.0, 0.0, 0.0, 0.0, 0.0]","[0.0, 0.0, 0.524722, 0.022814, 0.022814, 0.022814]"
STATE_MOTOR,180554.3010123074,"[0.006902913545485385, 0.0046019423636569235, 0.5744758050631726, -0.006135923151542565, -0.006135923151542565, 0.49770190413657256]","[0.0, 0.0, 0.0, 0.0, 0.0, 0.0]","[0.022814, 0.022814, 0.387838, 0.0, 0.0, 0.022814]"
STATE_MOTOR,200615.73898419738,"[0.006902913545485385, 0.0046019423636569235, 0.5744758050631726, -0.006135923151542565, -0.006135923151542565, 0.49770190413657256]","[0.0, 0.0, 0.0, 0.0, 0.0, 0.0]","[0.022814, 0.0, 0.524722, 0.022814, 0.0, 0.0]"
STATE_MOTOR,220674.84306171536,"[0.006902913545485385, 0.0046019423636569235, 0.5744758050631726, -0.006135923151542565, -0.006135923151542565, 0.49770190413657256]","[0.0, 0.0, 0.0, 0.0, 0.0, 0.0]","[0.022814, 0.0, 0.501908, 0.022814, 0.022814, 0.022814]"
STATE_MOTOR,240733.66704396904,"[0.006902913545485385, 0.0046019423636569235, 0.5744758050631726, -0.006135923151542565, -0.006135923151542565, 0.49770190413657256]","[0.0, 0.0, 0.0, 0.0, 0.0, 0.0]","[0.0, 0.0, 0.45628, 0.0, 0.0, 0.0]"
STATE_MOTOR,260794.1230526194,"[0.006902913545485385, 0.0046019423636569235, 0.5744758050631726, -0.006135923151542565, -0.006135923151542565, 0.49770190413657256]","[0.0, 0.0, 0.0, 0.0, 0.0, 0.0]","[0.022814, 0.0, 0.57035, 0.0, 0.022814, 0.0]"
STATE_MOTOR,280852.3060521111,"[0.006902913545485385, 0.0046019423636569235, 0.5744758050631726, -0.006135923151542565, -0.006135923151542565, 0.49770190413657256]","[0.0, 0.0, 0.0, 0.0, 0.0, 0.0]","[0.022814, 0.0, 0.387838, 0.022814, 0.0, 0.022814]"
STATE_MOTOR,300915.7970082015,"[0.006902913545485385, 0.0046019423636569235, 0.5744758050631726, -0.006135923151542565, -0.006135923151542565, 0.49770190413657256]","[0.0, 0.0, 0.0, 0.0, 0.0, 0.0]","[0.022814, 0.0, 0.410652, 0.0, 0.022814, 0.0]"
STATE_MOTOR,320973.92005380243,"[0.006902913545485385, 0.0046019423636569235, 0.5744758050631726, -0.006135923151542565, -0.006135923151542565, 0.49770190413657256]","[0.0, 0.0, 0.0, 0.0, 0.0, 0.0]","[0.0, 0.0, 0.387838, 0.022814, 0.022814, 0.0]"
STATE_MOTOR,341037.9410488531,"[0.006902913545485385, 0.0046019423636569235, 0.5744758050631726, -0.006135923151542565, -0.006135923151542565, 0.49770190413657256]","[0.0, 0.0, 0.0, 0.0, 0.0, 0.0]","[0.045628, 0.0, 0.410652, 0.0, 0.022814, 0.0]"
STATE_MOTOR,361099.95003789663,"[0.006902913545485385, 0.0046019423636569235, 0.5744758050631726, -0.006135923151542565, -0.006135923151542565, 0.49770190413657256]","[0.0, 0.0, 0.0, 0.0, 0.0, 0.0]","[0.022814, 0.0, 0.501908, 0.022814, 0.022814, 0.0]"
STATE_MOTOR,381156.58005699515,"[0.006902913545485385, 0.0046019423636569235, 0.5744758050631726, -0.006135923151542565, -0.006135923151542565, 0.49770190413657256]","[0.0, 0.0, 0.0, 0.0, 0.0, 0.0]","[0.022814, 0.0, 0.501908, 0.022814, 0.022814, 0.0]"
STATE_MOTOR,401229.7249864787,"[0.006902913545485385, 0.0046019423636569235, 0.5744758050631726, -0.006135923151542565, -0.006135923151542565, 0.49770190413657256]","[0.0, 0.0, 0.0, 0.0, 0.0, 0.0]","[0.022814, 0.0, 0.433466, 0.0, 0.022814, 0.0]"
STATE_MOTOR,421288.51904999465,"[0.006902913545485385, 0.0046019423636569235, 0.5744758050631726, -0.006135923151542565, -0.006135923151542565, 0.49770190413657256]","[0.0, 0.0, 0.0, 0.0, 0.0, 0.0]","[0.022814, 0.022814, 0.501908, 0.022814, 0.022814, 0.0]"
STATE_MOTOR,441351.05807799846,"[0.006902913545485385, 0.0046019423636569235, 0.5744758050631726, -0.006135923151542565, -0.006135923151542565, 0.49770190413657256]","[0.0, 0.0, 0.0, 0.0, 0.0, 0.0]","[0.022814, 0.0, 0.501908, 0.0, 0.0, 0.0]"
STATE_MOTOR,461410.22199299186,"[0.006902913545485385, 0.0046019423636569235, 0.5744758050631726, -0.006135923151542565, -0.006135923151542565, 0.49770190413657256]","[0.0, 0.0, 0.0, 0.0, 0.0, 0.0]","[0.022814, 0.0, 0.410652, 0.0, 0.0, 0.0]"
STATE_MOTOR,481468.00498943776,"[0.006902913545485385, 0.0046019423636569235, 0.5744758050631726, -0.006135923151542565, -0.006135923151542565, 0.49770190413657256]","[0.0, 0.0, 0.0, 0.0, 0.0, 0.0]","[0.022814, 0.0, 0.387838, 0.022814, 0.022814, 0.0]"
STATE_MOTOR,501529.7530917451,"[0.006902913545485385, 0.0046019423636569235, 0.5744758050631726, -0.006135923151542565, -0.006135923151542565, 0.49770190413657256]","[0.0, 0.0, 0.0, 0.0, 0.0, 0.0]","[0.0, 0.0, 0.387838, 0.022814, 0.0, 0.022814]"
STATE_MOTOR,521590.5390214175,"[0.006902913545485385, 0.0046019423636569235, 0.5744758050631726, -0.006135923151542565, -0.006135923151542565, 0.49770190413657256]","[0.0, 0.0, 0.0, 0.0, 0.0, 0.0]","[0.022814, 0.022814, 0.501908, 0.022814, 0.022814, 0.0]"
STATE_MOTOR,541653.4889955074,"[0.006902913545485385, 0.0046019423636569235, 0.5744758050631726, -0.006135923151542565, -0.006135923151542565, 0.49770190413657256]","[0.0, 0.0, 0.0, 0.0, 0.0, 0.0]","[0.022814, 0.0, 0.479094, 0.0, 0.0, 0.0]"
STATE_MOTOR,561709.0880405158,"[0.006902913545485385, 0.0046019423636569235, 0.5744758050631726, -0.006135923151542565, -0.006135923151542565, 0.49770190413657256]","[0.0, 0.0, 0.0, 0.0, 0.0, 0.0]","[0.022814, 0.0, 0.547536, 0.022814, 0.0, 0.0]"
STATE_MOTOR,581766.78000018,"[0.006902913545485385, 0.0046019423636569235, 0.5744758050631726, -0.006135923151542565, -0.006135923151542565, 0.49770190413657256]","[0.0, 0.0, 0.0, 0.0, 0.0, 0.0]","[0.0, 0.0, 0.410652, 0.0, 0.0, 0.0]"
STATE_MOTOR,601828.8990017027,"[0.006902913545485385, 0.0046019423636569235, 0.5744758050631726, -0.006135923151542565, -0.006135923151542565, 0.49770190413657256]","[0.0, 0.0, 0.0, 0.0, 0.0, 0.0]","[0.022814, 0.0, 0.501908, 0.0, 0.022814, 0.0]"
STATE_MOTOR,621888.7440627441,"[0.006902913545485385, 0.0046019423636569235, 0.5744758050631726, -0.006135923151542565, -0.006135923151542565, 0.49770190413657256]","[0.0, 0.0, 0.0, 0.0, 0.0, 0.0]","[0.0, 0.0, 0.387838, 0.022814, 0.0, 0.0]"
STATE_MOTOR,641946.8770036474,"[0.006902913545485385, 0.0046019423636569235, 0.5744758050631726, -0.006135923151542565, -0.006135923151542565, 0.49770190413657256]","[0.0, 0.0, 0.0, 0.0, 0.0, 0.0]","[0.022814, 0.0, 0.45628, 0.0, 0.022814, 0.0]"
STATE_MOTOR,662006.4020389691,"[0.006902913545485385, 0.0046019423636569235, 0.5744758050631726, -0.006135923151542565, -0.006135923151542565, 0.49770190413657256]","[0.0, 0.0, 0.0, 0.0, 0.0, 0.0]","[0.022814, 0.0, 0.433466, 0.022814, 0.0, 0.022814]"
STATE_MOTOR,682064.4250838086,"[0.006902913545485385, 0.0046019423636569235, 0.5744758050631726, -0.006135923151542565, -0.006135923151542565, 0.49770190413657256]","[0.0, 0.0, 0.0, 0.0, 0.0, 0.0]","[0.0, 0.0, 0.501908, 0.0, 0.022814, 0.022814]"
STATE_MOTOR,702126.3330243528,"[0.006902913545485385, 0.0046019423636569235, 0.5744758050631726, -0.006135923151542565, -0.006135923151542565, 0.49770190413657256]","[0.0, 0.0, 0.0, 0.0, 0.0, 0.0]","[0.022814, 0.0, 0.547536, 0.0, 0.0, 0.0]"
STATE_MOTOR,722185.1170761511,"[0.006902913545485385, 0.0046019423636569235, 0.5744758050631726, -0.006135923151542565, -0.006135923151542565, 0.49770190413657256]","[0.0, 0.0, 0.0, 0.0, 0.0, 0.0]","[0.022814, 0.0, 0.479094, 0.0, 0.0, 0.022814]"
STATE_MOTOR,742229.619063437,"[0.006902913545485385, 0.0046019423636569235, 0.5744758050631726, -0.006135923151542565, -0.006135923151542565, 0.49770190413657256]","[0.0, 0.0, 0.0, 0.0, 0.0, 0.0]","[0.022814, 0.0, 0.410652, 0.022814, 0.022814, 0.0]"
STATE_MOTOR,762289.74503465,"[0.006902913545485385, 0.0046019423636569235, 0.5744758050631726, -0.006135923151542565, -0.006135923151542565, 0.49770190413657256]","[0.0, 0.0, 0.0, 0.0, 0.0, 0.0]","[0.0, 0.022814, 0.387838, 0.022814, 0.0, 0.0]"
STATE_MOTOR,782350.9920854121,"[0.006902913545485385, 0.0046019423636569235, 0.5744758050631726, -0.006135923151542565, -0.006135923151542565, 0.49770190413657256]","[0.0, 0.0, 0.0, 0.0, 0.0, 0.0]","[0.022814, 0.0, 0.410652, 0.022814, 0.022814, 0.0]"
STATE_MOTOR,802408.6540099233,"[0.006902913545485385, 0.0046019423636569235, 0.5744758050631726, -0.006135923151542565, -0.006135923151542565, 0.49770190413657256]","[0.0, 0.0, 0.0, 0.0, 0.0, 0.0]","[0.022814, 0.0, 0.410652, 0.0, 0.022814, 0.0]"
STATE_MOTOR,822466.4860172197,"[0.006902913545485385, 0.0046019423636569235, 0.5744758050631726, -0.006135923151542565, -0.006135923151542565, 0.49770190413657256]","[0.0, 0.0, 0.0, 0.0, 0.0, 0.0]","[0.022814, 0.0, 0.387838, 0.022814, 0.0, 0.022814]"
STATE_MOTOR,842525.9710056707,"[0.006902913545485385, 0.0046019423636569235, 0.5744758050631726, -0.006135923151542565, -0.006135923151542565, 0.49770190413657256]","[0.0, 0.0, 0.0, 0.0, 0.0, 0.0]","[0.022814, 0.0, 0.45628, 0.022814, 0.0, 0.022814]"
STATE_MOTOR,862586.4370260388,"[0.006902913545485385, 0.0046019423636569235, 0.5744758050631726, -0.006135923151542565, -0.006135923151542565, 0.49770190413657256]","[0.0, 0.0, 0.0, 0.0, 0.0, 0.0]","[0.0, 0.0, 0.433466, 0.022814, 0.022814, 0.0]"
STATE_MOTOR,882641.6560914367,"[0.006902913545485385, 0.0046019423636569235, 0.5744758050631726, -0.006135923151542565, -0.006135923151542565, 0.49770190413657256]","[0.0, 0.0, 0.0, 0.0, 0.0, 0.0]","[0.022814, 0.0, 0.387838, 0.0, 0.0, 0.022814]"
STATE_MOTOR,902700.0390924513,"[0.006902913545485385, 0.0046019423636569235, 0.5744758050631726, -0.006135923151542565, -0.006135923151542565, 0.49770190413657256]","[0.0, 0.0, 0.0, 0.0, 0.0, 0.0]","[0.0, 0.0, 0.387838, 0.022814, 0.022814, 0.022814]"
STATE_MOTOR,922758.782049641,"[0.006902913545485385, 0.0046019423636569235, 0.5744758050631726, -0.006135923151542565, -0.006135923151542565, 0.49770190413657256]","[0.0, 0.0, 0.0, 0.0, 0.0, 0.0]","[0.022814, 0.0, 0.387838, 0.022814, 0.022814, 0.0]"
STATE_MOTOR,942817.5060311332,"[0.006902913545485385, 0.0046019423636569235, 0.5744758050631726, -0.006135923151542565, -0.006135923151542565, 0.49770190413657256]","[0.0, 0.0, 0.0, 0.0, 0.0, 0.0]","[0.0, 0.0, 0.387838, 0.022814, 0.022814, 0.022814]"
STATE_MOTOR,962877.39102263,"[0.006902913545485385, 0.0046019423636569235, 0.5744758050631726, -0.006135923151542565, -0.006135923151542565, 0.49770190413657256]","[0.0, 0.0, 0.0, 0.0, 0.0, 0.0]","[0.022814, 0.0, 0.479094, 0.022814, 0.022814, 0.0]"
STATE_MOTOR,982938.3480828255,"[0.006902913545485385, 0.0046019423636569235, 0.5744758050631726, -0.006135923151542565, -0.006135923151542565, 0.49770190413657256]","[0.0, 0.0, 0.0, 0.0, 0.0, 0.0]","[0.022814, 0.0, 0.387838, 0.022814, 0.022814, 0.0]"
STATE_MOTOR,1002995.0590105727,"[0.006902913545485385, 0.0046019423636569235, 0.5744758050631726, -0.006135923151542565, -0.006135923151542565, 0.49770190413657256]","[0.0, 0.0, 0.0, 0.0, 0.0, 0.0]","[0.022814, 0.022814, 0.547536, 0.0, 0.022814, 0.022814]"
STATE_MOTOR,1023079.2510556057,"[0.006902913545485385, 0.0046019423636569235, 0.5744758050631726, -0.006135923151542565, -0.006135923151542565, 0.49770190413657256]","[0.0, 0.0, 0.0, 0.0, 0.0, 0.0]","[0.022814, 0.0, 0.501908, 0.022814, 0.022814, 0.022814]"
STATE_MOTOR,1043139.0460580587,"[0.006902913545485385, 0.0046019423636569235, 0.5744758050631726, -0.006135923151542565, -0.006135923151542565, 0.49770190413657256]","[0.0, 0.0, 0.0, 0.0, 0.0, 0.0]","[0.022814, 0.0, 0.479094, 0.0, 0.022814, 0.0]"
STATE_MOTOR,1063199.4520081207,"[0.006902913545485385, 0.0046019423636569235, 0.5744758050631726, -0.006135923151542565, -0.006135923151542565, 0.49770190413657256]","[0.0, 0.0, 0.0, 0.0, 0.0, 0.0]","[0.022814, 0.022814, 0.501908, 0.022814, 0.0, 0.0]"
STATE_MOTOR,1083258.7870536372,"[0.006902913545485385, 0.0046019423636569235, 0.5744758050631726, -0.006135923151542565, -0.006135923151542565, 0.49770190413657256]","[0.0, 0.0, 0.0, 0.0, 0.0, 0.0]","[0.022814, 0.0, 0.45628, 0.0, 0.022814, 0.0]"
STATE_MOTOR,1103317.5700576976,"[0.006902913545485385, 0.0046019423636569235, 0.5744758050631726, -0.006135923151542565, -0.006135923151542565, 0.49770190413657256]","[0.0, 0.0, 0.0, 0.0, 0.0, 0.0]","[0.022814, 0.0, 0.479094, 0.022814, 0.022814, 0.0]"
STATE_MOTOR,1123377.9260655865,"[0.006902913545485385, 0.0046019423636569235, 0.5744758050631726, -0.006135923151542565, -0.006135923151542565, 0.49770190413657256]","[0.0, 0.0, 0.0, 0.0, 0.0, 0.0]","[0.022814, 0.0, 0.479094, 0.022814, 0.022814, 0.022814]"
STATE_MOTOR,1143437.6410907134,"[0.006902913545485385, 0.0046019423636569235, 0.5744758050631726, -0.006135923151542565, -0.006135923151542565, 0.49770190413657256]","[0.0, 0.0, 0.0, 0.0, 0.0, 0.0]","[0.022814, 0.0, 0.547536, 0.022814, 0.0, 0.0]"
STATE_MOTOR,1163502.3039998487,"[0.006902913545485385, 0.0046019423636569235, 0.5744758050631726, -0.006135923151542565, -0.006135923151542565, 0.49770190413657256]","[0.0, 0.0, 0.0, 0.0, 0.0, 0.0]","[0.022814, 0.0, 0.45628, 0.0, 0.0, 0.0]"
STATE_MOTOR,1183558.8840767741,"[0.006902913545485385, 0.0046019423636569235, 0.5744758050631726, -0.006135923151542565, -0.006135923151542565, 0.49770190413657256]","[0.0, 0.0, 0.0, 0.0, 0.0, 0.0]","[0.022814, 0.0, 0.433466, 0.022814, 0.0, 0.0]"
STATE_MOTOR,1203617.227030918,"[0.006902913545485385, 0.0046019423636569235, 0.5744758050631726, -0.006135923151542565, -0.006135923151542565, 0.49770190413657256]","[0.0, 0.0, 0.0, 0.0, 0.0, 0.0]","[0.022814, 0.0, 0.387838, 0.0, 0.0, 0.0]"
STATE_MOTOR,1223673.9380750805,"[0.006902913545485385, 0.0046019423636569235, 0.5744758050631726, -0.006135923151542565, -0.006135923151542565, 0.49770190413657256]","[0.0, 0.0, 0.0, 0.0, 0.0, 0.0]","[0.022814, 0.0, 0.410652, 0.022814, 0.0, 0.022814]"
STATE_MOTOR,1243733.5930299014,"[0.006902913545485385, 0.0046019423636569235, 0.5744758050631726, -0.006135923151542565, -0.006135923151542565, 0.49770190413657256]","[0.0, 0.0, 0.0, 0.0, 0.0, 0.0]","[0.0, 0.0, 0.387838, 0.022814, 0.022814, 0.0]"
STATE_MOTOR,1263789.321994409,"[0.006902913545485385, 0.0046019423636569235, 0.5744758050631726, -0.006135923151542565, -0.006135923151542565, 0.49770190413657256]","[0.0, 0.0, 0.0, 0.0, 0.0, 0.0]","[0.022814, 0.0, 0.45628, 0.022814, 0.0, 0.0]"
STATE_MOTOR,1283845.7820471376,"[0.006902913545485385, 0.0046019423636569235, 0.5744758050631726, -0.006135923151542565, -0.006135923151542565, 0.49770190413657256]","[0.0, 0.0, 0.0, 0.0, 0.0, 0.0]","[0.0, 0.022814, 0.387838, 0.022814, 0.0, 0.0]"
STATE_MOTOR,1303905.3570246324,"[0.006902913545485385, 0.0046019423636569235, 0.5744758050631726, -0.006135923151542565, -0.006135923151542565, 0.49770190413657256]","[0.0, 0.0, 0.0, 0.0, 0.0, 0.0]","[0.022814, 0.0, 0.433466, 0.022814, 0.022814, 0.0]"
STATE_MOTOR,1323960.9360462055,"[0.006902913545485385, 0.0046019423636569235, 0.5744758050631726, -0.006135923151542565, -0.006135923151542565, 0.49770190413657256]","[0.0, 0.0, 0.0, 0.0, 0.0, 0.0]","[0.0, 0.0, 0.387838, 0.022814, 0.022814, 0.0]"
STATE_MOTOR,1344019.960029982,"[0.006902913545485385, 0.0046019423636569235, 0.5744758050631726, -0.006135923151542565, -0.006135923151542565, 0.49770190413657256]","[0.0, 0.0, 0.0, 0.0, 0.0, 0.0]","[0.0, 0.0, 0.410652, 0.022814, 0.022814, 0.0]"
STATE_MOTOR,1364076.5009913594,"[0.006902913545485385, 0.0046019423636569235, 0.5744758050631726, -0.006135923151542565, -0.006135923151542565, 0.49770190413657256]","[0.0, 0.0, 0.0, 0.0, 0.0, 0.0]","[0.022814, 0.0, 0.387838, 0.022814, 0.022814, 0.022814]"
STATE_MOTOR,1384135.505068116,"[0.006902913545485385, 0.0046019423636569235, 0.5744758050631726, -0.006135923151542565, -0.006135923151542565, 0.49770190413657256]","[0.0, 0.0, 0.0, 0.0, 0.0, 0.0]","[0.022814, 0.022814, 0.387838, 0.022814, 0.0, 0.0]"
STATE_MOTOR,1404197.4929859862,"[0.006902913545485385, 0.0046019423636569235, 0.5744758050631726, -0.006135923151542565, -0.006135923151542565, 0.49770190413657256]","[0.0, 0.0, 0.0, 0.0, 0.0, 0.0]","[0.022814, 0.0, 0.410652, 0.0, 0.0, 0.0]"
STATE_MOTOR,1424258.1800790504,"[0.006902913545485385, 0.0046019423636569235, 0.5744758050631726, -0.006135923151542565, -0.006135923151542565, 0.49770190413657256]","[0.0, 0.0, 0.0, 0.0, 0.0, 0.0]","[0.022814, 0.0, 0.410652, 0.022814, 0.0, 0.022814]"
STATE_MOTOR,1444320.6890719011,"[0.006902913545485385, 0.0046019423636569235, 0.5744758050631726, -0.006135923151542565, -0.006135923151542565, 0.49770190413657256]","[0.0, 0.0, 0.0, 0.0, 0.0, 0.0]","[0.022814, 0.022814, 0.387838, 0.022814, 0.022814, 0.0]"
STATE_MOTOR,1464377.2999988869,"[0.006902913545485385, 0.0046019423636569235, 0.5744758050631726, -0.006135923151542565, -0.006135923151542565, 0.49770190413657256]","[0.0, 0.0, 0.0, 0.0, 0.0, 0.0]","[0.022814, 0.0, 0.479094, 0.022814, 0.022814, 0.0]"
STATE_MOTOR,1484434.3510922045,"[0.006902913545485385, 0.0046019423636569235, 0.5744758050631726, -0.006135923151542565, -0.006135923151542565, 0.49770190413657256]","[0.0, 0.0, 0.0, 0.0, 0.0, 0.0]","[0.022814, 0.0, 0.479094, 0.022814, 0.022814, 0.022814]"
STATE_MOTOR,1504491.080995649,"[0.006902913545485385, 0.0046019423636569235, 0.5744758050631726, -0.006135923151542565, -0.006135923151542565, 0.49770190413657256]","[0.0, 0.0, 0.0, 0.0, 0.0, 0.0]","[0.0, 0.0, 0.45628, 0.022814, 0.022814, 0.0]"
STATE_MOTOR,1524550.4460763186,"[0.006902913545485385, 0.0046019423636569235, 0.5744758050631726, -0.006135923151542565, -0.006135923151542565, 0.49770190413657256]","[0.0, 0.0, 0.0, 0.0, 0.0, 0.0]","[0.022814, 0.022814, 0.45628, 0.022814, 0.022814, 0.0]"
STATE_MOTOR,1544608.7990421802,"[0.006902913545485385, 0.0046019423636569235, 0.5744758050631726, -0.006135923151542565, -0.006135923151542565, 0.49770190413657256]","[0.0, 0.0, 0.0, 0.0, 0.0, 0.0]","[0.022814, 0.022814, 0.524722, 0.022814, 0.022814, 0.022814]"
STATE_MOTOR,1564666.8210392818,"[0.006902913545485385, 0.0046019423636569235, 0.5744758050631726, -0.006135923151542565, -0.006135923151542565, 0.49770190413657256]","[0.0, 0.0, 0.0, 0.0, 0.0, 0.0]","[0.0, 0.022814, 0.387838, 0.0, 0.0, 0.0]"
STATE_MOTOR,1584724.312997423,"[0.006902913545485385, 0.0046019423636569235, 0.5744758050631726, -0.006135923151542565, -0.006135923151542565, 0.49770190413657256]","[0.0, 0.0, 0.0, 0.0, 0.0, 0.0]","[0.0, 0.022814, 0.410652, 0.022814, 0.022814, 0.0]"
STATE_MOTOR,1604781.8450024351,"[0.006902913545485385, 0.0046019423636569235, 0.5744758050631726, -0.006135923151542565, -0.006135923151542565, 0.49770190413657256]","[0.0, 0.0, 0.0, 0.0, 0.0, 0.0]","[0.022814, 0.0, 0.410652, 0.022814, 0.022814, 0.022814]"
STATE_MOTOR,1624839.217052795,"[0.006902913545485385, 0.0046019423636569235, 0.5744758050631726, -0.006135923151542565, -0.006135923151542565, 0.49770190413657256]","[0.0, 0.0, 0.0, 0.0, 0.0, 0.0]","[0.022814, 0.0, 0.387838, 0.022814, 0.0, 0.0]"
STATE_MOTOR,1644901.1750519276,"[0.006902913545485385, 0.0046019423636569235, 0.5744758050631726, -0.006135923151542565, -0.006135923151542565, 0.49770190413657256]","[0.0, 0.0, 0.0, 0.0, 0.0, 0.0]","[0.022814, 0.022814, 0.524722, 0.022814, 0.0, 0.0]"
STATE_MOTOR,1664961.0510794446,"[0.006902913545485385, 0.0046019423636569235, 0.5744758050631726, -0.006135923151542565, -0.006135923151542565, 0.49770190413657256]","[0.0, 0.0, 0.0, 0.0, 0.0, 0.0]","[0.022814, 0.0, 0.410652, 0.0, 0.0, 0.0]"
STATE_MOTOR,1685024.521080777,"[0.006902913545485385, 0.0046019423636569235, 0.5744758050631726, -0.006135923151542565, -0.006135923151542565, 0.49770190413657256]","[0.0, 0.0, 0.0, 0.0, 0.0, 0.0]","[0.0, 0.022814, 0.524722, 0.022814, 0.022814, 0.0]"
STATE_MOTOR,1705083.5150294006,"[0.006902913545485385, 0.0046019423636569235, 0.5744758050631726, -0.006135923151542565, -0.006135923151542565, 0.49770190413657256]","[0.0, 0.0, 0.0, 0.0, 0.0, 0.0]","[0.0, 0.022814, 0.501908, 0.0, 0.022814, 0.0]"
STATE_MOTOR,1725142.3289999366,"[0.006902913545485385, 0.0046019423636569235, 0.5744758050631726, -0.006135923151542565, -0.006135923151542565, 0.49770190413657256]","[0.0, 0.0, 0.0, 0.0, 0.0, 0.0]","[0.0, 0.0, 0.387838, 0.0, 0.0, 0.0]"
STATE_MOTOR,1745210.0759837776,"[0.006902913545485385, 0.0046019423636569235, 0.5744758050631726, -0.006135923151542565, -0.006135923151542565, 0.49770190413657256]","[0.0, 0.0, 0.0, 0.0, 0.0, 0.0]","[0.022814, 0.0, 0.501908, 0.0, 0.0, 0.0]"
STATE_MOTOR,1765269.109979272,"[0.006902913545485385, 0.0046019423636569235, 0.5744758050631726, -0.006135923151542565, -0.006135923151542565, 0.49770190413657256]","[0.0, 0.0, 0.0, 0.0, 0.0, 0.0]","[0.022814, 0.0, 0.501908, 0.022814, 0.0, 0.0]"
STATE_MOTOR,1785324.3490681052,"[0.006902913545485385, 0.0046019423636569235, 0.5744758050631726, -0.006135923151542565, -0.006135923151542565, 0.49770190413657256]","[0.0, 0.0, 0.0, 0.0, 0.0, 0.0]","[0.022814, 0.0, 0.524722, 0.022814, 0.0, 0.0]"
STATE_MOTOR,1805382.9120472074,"[0.006902913545485385, 0.0046019423636569235, 0.5744758050631726, -0.006135923151542565, -0.006135923151542565, 0.49770190413657256]","[0.0, 0.0, 0.0, 0.0, 0.0, 0.0]","[0.0, 0.0, 0.410652, 0.0, 0.022814, 0.022814]"
STATE_MOTOR,1825440.4440522194,"[0.006902913545485385, 0.0046019423636569235, 0.5744758050631726, -0.006135923151542565, -0.006135923151542565, 0.49770190413657256]","[0.0, 0.0, 0.0, 0.0, 0.0, 0.0]","[0.022814, 0.0, 0.387838, 0.022814, 0.0, 0.0]"
STATE_MOTOR,1845507.0790369064,"[0.006902913545485385, 0.0046019423636569235, 0.5744758050631726, -0.006135923151542565, -0.006135923151542565, 0.49770190413657256]","[0.0, 0.0, 0.0, 0.0, 0.0, 0.0]","[0.022814, 0.022814, 0.387838, 0.022814, 0.022814, 0.0]"
STATE_MOTOR,1865566.8949941173,"[0.006902913545485385, 0.0046019423636569235, 0.5744758050631726, -0.006135923151542565, -0.006135923151542565, 0.49770190413657256]","[0.0, 0.0, 0.0, 0.0, 0.0, 0.0]","[0.022814, 0.0, 0.410652, 0.022814, 0.0, 0.022814]"
STATE_MOTOR,1885624.8370138928,"[0.006902913545485385, 0.0046019423636569235, 0.5744758050631726, -0.006135923151542565, -0.006135923151542565, 0.49770190413657256]","[0.0, 0.0, 0.0, 0.0, 0.0, 0.0]","[0.0, 0.0, 0.387838, 0.022814, 0.022814, 0.0]"
STATE_MOTOR,1905680.1759870723,"[0.006902913545485385, 0.0046019423636569235, 0.5744758050631726, -0.006135923151542565, -0.006135923151542565, 0.49770190413657256]","[0.0, 0.0, 0.0, 0.0, 0.0, 0.0]","[0.022814, 0.0, 0.501908, 0.022814, 0.0, 0.0]"
STATE_MOTOR,1925736.9260303676,"[0.006902913545485385, 0.0046019423636569235, 0.5744758050631726, -0.006135923151542565, -0.006135923151542565, 0.49770190413657256]","[0.0, 0.0, 0.0, 0.0, 0.0, 0.0]","[0.0, 0.0, 0.387838, 0.022814, 0.0, 0.0]"
STATE_MOTOR,1945803.41107212,"[0.006902913545485385, 0.0046019423636569235, 0.5744758050631726, -0.006135923151542565, -0.006135923151542565, 0.49770190413657256]","[0.0, 0.0, 0.0, 0.0, 0.0, 0.0]","[0.022814, 0.0, 0.45628, 0.0, 0.0, 0.022814]"
STATE_MOTOR,1965862.4060684815,"[0.006902913545485385, 0.0046019423636569235, 0.5744758050631726, -0.006135923151542565, -0.006135923151542565, 0.49770190413657256]","[0.0, 0.0, 0.0, 0.0, 0.0, 0.0]","[0.022814, 0.0, 0.479094, 0.0, 0.022814, 0.0]"
STATE_MOTOR,1985921.0890717804,"[0.006902913545485385, 0.0046019423636569235, 0.5744758050631726, -0.006135923151542565, -0.006135923151542565, 0.49770190413657256]","[0.0, 0.0, 0.0, 0.0, 0.0, 0.0]","[0.0, 0.0, 0.410652, 0.022814, 0.022814, 0.0]"
STATE_MOTOR,2005979.833076708,"[0.006902913545485385, 0.0046019423636569235, 0.5744758050631726, -0.006135923151542565, -0.006135923151542565, 0.49770190413657256]","[0.0, 0.0, 0.0, 0.0, 0.0, 0.0]","[0.022814, 0.0, 0.387838, 0.0, 0.022814, 0.022814]"
STATE_MOTOR,2026061.6010054946,"[0.006902913545485385, 0.0046019423636569235, 0.5744758050631726, -0.006135923151542565, -0.006135923151542565, 0.49770190413657256]","[0.0, 0.0, 0.0, 0.0, 0.0, 0.0]","[0.022814, 0.0, 0.501908, 0.022814, 0.0, 0.0]"
STATE_MOTOR,2046127.8150323778,"[0.006902913545485385, 0.0046019423636569235, 0.5744758050631726, -0.006135923151542565, -0.006135923151542565, 0.49770190413657256]","[0.0, 0.0, 0.0, 0.0, 0.0, 0.0]","[0.022814, 0.022814, 0.479094, 0.0, 0.022814, 0.0]"
STATE_MOTOR,2066186.5790607408,"[0.006902913545485385, 0.0046019423636569235, 0.5744758050631726, -0.006135923151542565, -0.006135923151542565, 0.49770190413657256]","[0.0, 0.0, 0.0, 0.0, 0.0, 0.0]","[0.022814, 0.0, 0.433466, 0.022814, 0.0, 0.022814]"
STATE_MOTOR,2086244.991980493,"[0.006902913545485385, 0.0046019423636569235, 0.5744758050631726, -0.006135923151542565, -0.006135923151542565, 0.49770190413657256]","[0.0, 0.0, 0.0, 0.0, 0.0, 0.0]","[0.022814, 0.0, 0.387838, 0.0, 0.022814, 0.022814]"
STATE_MOTOR,2106304.3869799003,"[0.006902913545485385, 0.0046019423636569235, 0.5744758050631726, -0.006135923151542565, -0.006135923151542565, 0.49770190413657256]","[0.0, 0.0, 0.0, 0.0, 0.0, 0.0]","[0.022814, 0.022814, 0.524722, 0.022814, 0.022814, 0.0]"
STATE_MOTOR,2126360.8570443466,"[0.006902913545485385, 0.0046019423636569235, 0.5744758050631726, -0.006135923151542565, -0.006135923151542565, 0.49770190413657256]","[0.0, 0.0, 0.0, 0.0, 0.0, 0.0]","[0.022814, 0.0, 0.410652, 0.022814, 0.0, 0.0]"
STATE_MOTOR,2146421.9740591943,"[0.006902913545485385, 0.0046019423636569235, 0.5744758050631726, -0.006135923151542565, -0.006135923151542565, 0.49770190413657256]","[0.0, 0.0, 0.0, 0.0, 0.0, 0.0]","[0.022814, 0.0, 0.410652, 0.022814, 0.0, 0.022814]"
STATE_MOTOR,2166480.828076601,"[0.006902913545485385, 0.0046019423636569235, 0.5744758050631726, -0.006135923151542565, -0.006135923151542565, 0.49770190413657256]","[0.0, 0.0, 0.0, 0.0, 0.0, 0.0]","[0.0, 0.0, 0.501908, 0.022814, 0.0, 0.0]"
STATE_MOTOR,2186540.0520619005,"[0.006902913545485385, 0.0046019423636569235, 0.5744758050631726, -0.006135923151542565, -0.006135923151542565, 0.49770190413657256]","[0.0, 0.0, 0.0, 0.0, 0.0, 0.0]","[0.0, 0.0, 0.410652, 0.0, 0.022814, 0.0]"
STATE_MOTOR,2206599.046010524,"[0.006902913545485385, 0.0046019423636569235, 0.5744758050631726, -0.006135923151542565, -0.006135923151542565, 0.49770190413657256]","[0.0, 0.0, 0.0, 0.0, 0.0, 0.0]","[0.0, 0.0, 0.387838, 0.0, 0.022814, 0.0]"
STATE_MOTOR,2226656.1170108616,"[0.006902913545485385, 0.007669903939428206, 0.5744758050631726, -0.006135923151542565, -0.006135923151542565, 0.49770190413657256]","[0.0, 0.07669903939428206, 0.0, 0.0, 0.0, 0.0]","[0.022814, 0.0, 0.501908, 0.0, 0.0, 0.022814]"
STATE_MOTOR,2246714.511071332,"[0.006902913545485385, 0.009203884727313847, 0.5744758050631726, -0.006135923151542565, -0.006135923151542565, 0.49770190413657256]","[0.0, 0.15339807878856412, 0.0, 0.0, 0.0, 0.0]","[0.0, 0.0, 0.547536, 0.022814, 0.022814, 0.022814]"
STATE_MOTOR,2266775.367083028,"[0.006902913545485385, 0.010737865515199488, 0.5744758050631726, -0.006135923151542565, -0.006135923151542565, 0.49770190413657256]","[0.0, 0.0, 0.0, 0.0, 0.0, 0.0]","[0.0, 0.0, 0.501908, 0.022814, 0.0, 0.022814]"
STATE_MOTOR,2286836.2340377644,"[0.006902913545485385, 0.010737865515199488, 0.5744758050631726, -0.006135923151542565, -0.006135923151542565, 0.49770190413657256]","[0.0, 0.07669903939428206, 0.0, 0.0, 0.0, 0.0]","[0.0, 0.0, 0.524722, 0.0, 0.0, 0.0]"
STATE_MOTOR,2306896.0789823905,"[0.006902913545485385, 0.010737865515199488, 0.5744758050631726, -0.006135923151542565, -0.006135923151542565, 0.49770190413657256]","[0.0, 0.0, 0.0, 0.0, 0.0, 0.0]","[0.022814, 0.0, 0.547536, 0.022814, 0.0, 0.0]"
STATE_MOTOR,2326952.308998443,"[0.006902913545485385, 0.010737865515199488, 0.5744758050631726, -0.006135923151542565, -0.006135923151542565, 0.49770190413657256]","[0.0, 0.0, 0.0, 0.0, 0.0, 0.0]","[0.022814, 0.0, 0.45628, 0.022814, 0.022814, 0.022814]"
STATE_MOTOR,2347009.410033934,"[0.008436894333371026, 0.01227184630308513, 0.5744758050631726, -0.006135923151542565, -0.006135923151542565, 0.49770190413657256]","[0.0, 0.07669903939428206, 0.0, 0.0, 0.0, 0.0]","[0.0, 0.0, 0.387838, 0.022814, 0.022814, 0.022814]"
STATE_MOTOR,2367065.660073422,"[0.008436894333371026, 0.015339807878856412, 0.5744758050631726, -0.006135923151542565, -0.006135923151542565, 0.49770190413657256]","[0.07669903939428206, 0.07669903939428206, 0.0, 0.0, 0.0, 0.0]","[0.0, 0.0, 0.387838, 0.022814, 0.022814, 0.022814]"
STATE_MOTOR,2387131.585041061,"[0.008436894333371026, 0.018407769454627694, 0.5744758050631726, -0.006135923151542565, -0.006135923151542565, 0.49770190413657256]","[0.0, 0.15339807878856412, 0.0, 0.0, 0.0, 0.0]","[0.022814, 0.022814, 0.433466, 0.0, 0.022814, 0.0]"
STATE_MOTOR,2407191.7909896,"[0.008436894333371026, 0.019941750242513333, 0.5744758050631726, -0.006135923151542565, -0.006135923151542565, 0.49770190413657256]","[0.0, 0.07669903939428206, 0.0, 0.0, 0.0, 0.0]","[0.022814, 0.0, 0.387838, 0.022814, 0.022814, 0.022814]"
STATE_MOTOR,2427249.4930773973,"[0.008436894333371026, 0.021475731030398976, 0.5744758050631726, -0.006135923151542565, -0.006135923151542565, 0.49770190413657256]","[0.0, 0.15339807878856412, 0.0, 0.0, 0.0, 0.0]","[0.022814, 0.0, 0.410652, 0.0, 0.0, 0.022814]"
STATE_MOTOR,2447317.7699837834,"[0.006902913545485385, 0.02454369260617026, 0.5744758050631726, -0.006135923151542565, -0.006135923151542565, 0.49770190413657256]","[-0.07669903939428206, 0.07669903939428206, 0.0, 0.0, 0.0, 0.0]","[0.045628, 0.0, 0.387838, 0.022814, 0.0, 0.022814]"
STATE_MOTOR,2467374.3310850114,"[0.006902913545485385, 0.026077673394055898, 0.5744758050631726, -0.006135923151542565, -0.006135923151542565, 0.49770190413657256]","[0.0, 0.07669903939428206, 0.0, 0.0, 0.0, 0.0]","[0.022814, 0.0, 0.387838, 0.0, 0.022814, 0.022814]"
STATE_MOTOR,2487439.744058065,"[0.008436894333371026, 0.02761165418194154, 0.5744758050631726, -0.006135923151542565, -0.006135923151542565, 0.49770190413657256]","[0.0, 0.15339807878856412, 0.0, 0.0, 0.0, 0.0]","[0.022814, 0.0, 0.45628, 0.0, 0.022814, 0.022814]"
STATE_MOTOR,2507498.117047362,"[0.008436894333371026, 0.02761165418194154, 0.5744758050631726, -0.006135923151542565, -0.006135923151542565, 0.49770190413657256]","[0.07669903939428206, 0.0, 0.0, 0.0, 0.0, 0.0]","[0.022814, 0.0, 0.387838, 0.022814, 0.0, 0.0]"
STATE_MOTOR,2527557.8330038115,"[0.009970875121256667, 0.02761165418194154, 0.5744758050631726, -0.006135923151542565, -0.006135923151542565, 0.49770190413657256]","[0.0, 0.0, 0.0, 0.0, 0.0, 0.0]","[0.022814, 0.0, 0.387838, 0.0, 0.022814, 0.0]"
STATE_MOTOR,2547621.784033254,"[0.013038836697027949, 0.030679615757712823, 0.5744758050631726, -0.006135923151542565, -0.006135923151542565, 0.49770190413657256]","[0.15339807878856412, 0.07669903939428206, 0.0, 0.0, 0.0, 0.0]","[0.045628, 0.0, 0.387838, 0.022814, 0.022814, 0.022814]"
STATE_MOTOR,2567679.056082852,"[0.01457281748491359, 0.035281558121369745, 0.5744758050631726, -0.006135923151542565, -0.006135923151542565, 0.49770190413657256]","[0.07669903939428206, 0.15339807878856412, 0.0, 0.0, 0.0, 0.0]","[0.045628, 0.022814, 0.524722, 0.022814, 0.022814, 0.022814]"
STATE_MOTOR,2587743.988027796,"[0.019174759848570515, 0.03834951969714103, 0.5744758050631726, -0.006135923151542565, -0.006135923151542565, 0.49770190413657256]","[0.23009711818284617, 0.23009711818284617, 0.0, 0.0, 0.0, 0.0]","[0.022814, 0.0, 0.45628, 0.0, 0.0, 0.0]"
STATE_MOTOR,2607802.582089789,"[0.022242721424341798, 0.03988350048502667, 0.5744758050631726, -0.006135923151542565, -0.006135923151542565, 0.49770190413657256]","[0.15339807878856412, 0.07669903939428206, 0.0, 0.0, 0.0, 0.0]","[0.0, 0.0, 0.547536, 0.0, 0.022814, 0.0]"
STATE_MOTOR,2627863.247995265,"[0.02531068300011308, 0.04141748127291231, 0.5744758050631726, -0.006135923151542565, -0.006135923151542565, 0.49770190413657256]","[0.15339807878856412, 0.07669903939428206, 0.0, 0.0, 0.0, 0.0]","[0.022814, 0.0, 0.410652, 0.022814, 0.0, 0.022814]"
STATE_MOTOR,2647925.137076527,"[0.029912625363770002, 0.044485442848683596, 0.5744758050631726, -0.006135923151542565, -0.006135923151542565, 0.49770190413657256]","[0.23009711818284617, 0.15339807878856412, 0.0, 0.0, 0.0, 0.0]","[0.022814, 0.0, 0.387838, 0.022814, 0.022814, 0.0]"
STATE_MOTOR,2667983.5399845615,"[0.03451456772742693, 0.04601942363656923, 0.5744758050631726, -0.006135923151542565, -0.006135923151542565, 0.49770190413657256]","[0.23009711818284617, 0.07669903939428206, 0.0, 0.0, 0.0, 0.0]","[0.022814, 0.0, 0.433466, 0.022814, 0.0, 0.0]"
STATE_MOTOR,2688043.1140307337,"[0.03911651009108385, 0.047553404424454875, 0.5744758050631726, -0.006135923151542565, -0.006135923151542565, 0.49770190413657256]","[0.23009711818284617, 0.15339807878856412, 0.0, 0.0, 0.0, 0.0]","[0.022814, 0.0, 0.410652, 0.0, 0.0, 0.022814]"
STATE_MOTOR,2708104.262012057,"[0.04218447166685513, 0.052155346788111796, 0.5744758050631726, -0.006135923151542565, -0.006135923151542565, 0.49770190413657256]","[0.15339807878856412, 0.07669903939428206, 0.0, 0.0, 0.0, 0.0]","[0.0, 0.022814, 0.410652, 0.022814, 0.022814, 0.0]"
STATE_MOTOR,2728166.831075214,"[0.04678641403051206, 0.056757289151768725, 0.5744758050631726, -0.006135923151542565, -0.006135923151542565, 0.49770190413657256]","[0.23009711818284617, 0.23009711818284617, 0.0, 0.0, 0.0, 0.0]","[0.0, 0.022814, 0.387838, 0.0, 0.0, 0.0]"
STATE_MOTOR,2748232.9960912466,"[0.049854375606283335, 0.059825250727540004, 0.5744758050631726, -0.006135923151542565, -0.006135923151542565, 0.49770190413657256]","[0.15339807878856412, 0.23009711818284617, 0.0, 0.0, 0.0, 0.0]","[0.022814, 0.0, 0.524722, 0.0, 0.022814, 0.0]"
STATE_MOTOR,2768290.8279821277,"[0.05138835639416898, 0.06135923151542565, 0.5744758050631726, -0.006135923151542565, -0.006135923151542565, 0.49770190413657256]","[0.07669903939428206, 0.07669903939428206, 0.0, 0.0, 0.0, 0.0]","[0.022814, 0.0, 0.387838, 0.0, 0.0, 0.022814]"
STATE_MOTOR,2788351.6950532794,"[0.05445631796994026, 0.06596117387908257, 0.5744758050631726, -0.006135923151542565, -0.006135923151542565, 0.49770190413657256]","[0.15339807878856412, 0.23009711818284617, 0.0, 0.0, 0.0, 0.0]","[0.022814, 0.022814, 0.524722, 0.022814, 0.0, 0.0]"
STATE_MOTOR,2808411.590056494,"[0.059058260333597186, 0.0674951546669682, 0.5744758050631726, -0.006135923151542565, -0.006135923151542565, 0.49770190413657256]","[0.15339807878856412, 0.15339807878856412, 0.0, 0.0, 0.0, 0.0]","[0.022814, 0.0, 0.501908, 0.022814, 0.022814, 0.0]"
STATE_MOTOR,2828478.4459974617,"[0.062126221909368465, 0.06902913545485385, 0.5744758050631726, -0.006135923151542565, -0.006135923151542565, 0.49770190413657256]","[0.15339807878856412, 0.0, 0.0, 0.0, 0.0, 0.0]","[0.022814, 0.0, 0.387838, 0.022814, 0.0, 0.0]"
STATE_MOTOR,2848540.164064616,"[0.06519418348513975, 0.07209709703062514, 0.5744758050631726, -0.006135923151542565, -0.006135923151542565, 0.49770190413657256]","[0.15339807878856412, 0.15339807878856412, 0.0, 0.0, 0.0, 0.0]","[0.022814, 0.022814, 0.387838, 0.022814, 0.0, 0.0]"
STATE_MOTOR,2868596.154032275,"[0.06672816427302539, 0.07516505860639641, 0.5744758050631726, -0.006135923151542565, -0.006135923151542565, 0.49770190413657256]","[0.15339807878856412, 0.15339807878856412, 0.0, 0.0, 0.0, 0.0]","[0.022814, 0.0, 0.524722, 0.022814, 0.022814, 0.022814]"
STATE_MOTOR,2888657.902018167,"[0.06979612584879667, 0.07669903939428206, 0.5744758050631726, -0.006135923151542565, -0.006135923151542565, 0.49770190413657256]","[0.15339807878856412, 0.07669903939428206, 0.0, 0.0, 0.0, 0.0]","[0.045628, 0.0, 0.45628, 0.0, 0.022814, 0.022814]"
STATE_MOTOR,2908716.9360136613,"[0.0743980682124536, 0.08130098175793898, 0.5744758050631726, -0.006135923151542565, -0.006135923151542565, 0.49770190413657256]","[0.15339807878856412, 0.15339807878856412, 0.0, 0.0, 0.0, 0.0]","[0.022814, 0.0, 0.387838, 0.022814, 0.022814, 0.0]"
STATE_MOTOR,2928772.955085151,"[0.07746602978822488, 0.08743690490948154, 0.5744758050631726, -0.006135923151542565, -0.006135923151542565, 0.49770190413657256]","[0.23009711818284617, 0.30679615757712825, 0.0, 0.0, 0.0, 0.0]","[0.045628, 0.0, 0.410652, 0.022814, 0.0, 0.0]"
STATE_MOTOR,2948838.6490847915,"[0.0820679721518818, 0.08897088569736719, 0.5744758050631726, -0.006135923151542565, -0.006135923151542565, 0.49770190413657256]","[0.23009711818284617, 0.15339807878856412, 0.0, 0.0, 0.0, 0.0]","[0.022814, 0.0, 0.501908, 0.022814, 0.0, 0.0]"
STATE_MOTOR,2968897.5129975006,"[0.08666991451553872, 0.09203884727313846, 0.5744758050631726, -0.006135923151542565, -0.006135923151542565, 0.49770190413657256]","[0.15339807878856412, 0.15339807878856412, 0.0, 0.0, 0.0, 0.0]","[0.022814, 0.0, 0.387838, 0.022814, 0.0, 0.022814]"
STATE_MOTOR,2988960.4030176997,"[0.09127185687919565, 0.09510680884890975, 0.5744758050631726, -0.006135923151542565, -0.006135923151542565, 0.49770190413657256]","[0.30679615757712825, 0.15339807878856412, 0.0, 0.0, 0.0, 0.0]","[0.022814, 0.0, 0.501908, 0.0, 0.022814, 0.022814]"
STATE_MOTOR,3009015.982039273,"[0.09740778003073822, 0.09817477042468103, 0.5744758050631726, -0.006135923151542565, -0.006135923151542565, 0.49770190413657256]","[0.23009711818284617, 0.07669903939428206, 0.0, 0.0, 0.0, 0.0]","[0.022814, 0.0, 0.524722, 0.0, 0.0, 0.022814]"
STATE_MOTOR,3029098.5110914335,"[0.10200972239439514, 0.10277671278833796, 0.5744758050631726, -0.006135923151542565, -0.006135923151542565, 0.49770190413657256]","[0.23009711818284617, 0.23009711818284617, 0.0, 0.0, 0.0, 0.0]","[0.022814, 0.0, 0.410652, 0.0, 0.0, 0.022814]"
STATE_MOTOR,3049165.547010489,"[0.10661166475805206, 0.10431069357622359, 0.5744758050631726, -0.006135923151542565, -0.006135923151542565, 0.49770190413657256]","[0.23009711818284617, 0.15339807878856412, 0.0, 0.0, 0.0, 0.0]","[0.045628, 0.0, 0.387838, 0.0, 0.022814, 0.0]"
STATE_MOTOR,3069225.2120934427,"[0.11121360712170898, 0.10891263593988051, 0.5744758050631726, -0.006135923151542565, -0.006135923151542565, 0.49770190413657256]","[0.23009711818284617, 0.15339807878856412, 0.0, 0.0, 0.0, 0.0]","[0.022814, 0.0, 0.387838, 0.022814, 0.022814, 0.0]"
STATE_MOTOR,3089286.9400558993,"[0.1158155494853659, 0.1119805975156518, 0.5744758050631726, -0.006135923151542565, -0.006135923151542565, 0.49770190413657256]","[0.23009711818284617, 0.15339807878856412, 0.0, 0.0, 0.0, 0.0]","[0.045628, 0.0, 0.410652, 0.0, 0.022814, 0.0]"
