type,timestamp,positions,velocities,torques
STATE_MOTOR,5.787936970591545,"[-0.009970875121256667, 0.01227184630308513, 0.5698738626995157, -0.0015339807878856412, -0.007669903939428206, 0.49573210768220616]","[0.0, 0.0, 0.0, 0.0, 0.0, 0.0]","[0.022814, 0.0, 0.479094, 0.0, 0.022814, 0.022814]"
STATE_MOTOR,20086.10893972218,"[-0.009970875121256667, 0.01227184630308513, 0.5698738626995157, -0.0015339807878856412, -0.007669903939428206, 0.49573210768220616]","[0.0, 0.0, 0.0, 0.0, 0.0, 0.0]","[0.022814, 0.022814, 0.45628, 0.0, 0.0, 0.0]"
STATE_MOTOR,40142.253041267395,"[-0.009970875121256667, 0.01227184630308513, 0.5698738626995157, -0.0015339807878856412, -0.007669903939428206, 0.49573210768220616]","[0.0, 0.0, 0.0, 0.0, 0.0, 0.0]","[0.022814, 0.022814, 0.524722, 0.0, 0.022814, 0.022814]"
STATE_MOTOR,60196.675010956824,"[-0.009970875121256667, 0.01227184630308513, 0.5698738626995157, -0.0015339807878856412, -0.007669903939428206, 0.49573210768220616]","[0.0, 0.0, 0.0, 0.0, 0.0, 0.0]","[0.0, 0.0, 0.365024, 0.0, 0.0, 0.0]"
STATE_MOTOR,80256.47501926869,"[-0.009970875121256667, 0.01227184630308513, 0.5698738626995157, -0.0015339807878856412, -0.007669903939428206, 0.49573210768220616]","[0.0, 0.0, 0.0, 0.0, 0.0, 0.0]","[0.022814, 0.022814, 0.365024, 0.0, 0.0, 0.022814]"
STATE_MOTOR,100313.39095439762,"[-0.009970875121256667, 0.01227184630308513, 0.5698738626995157, -0.0015339807878856412, -0.007669903939428206, 0.49573210768220616]","[0.0, 0.0, 0.0, 0.0, 0.0, 0.0]","[0.022814, 0.022814, 0.387838, 0.0, 0.022814, 0.0]"
STATE_MOTOR,120370.80700974911,"[-0.009970875121256667, 0.01227184630308513, 0.5698738626995157, -0.0015339807878856412, -0.007669903939428206, 0.49573210768220616]","[0.0, 0.0, 0.0, 0.0, 0.0, 0.0]","[0.022814, 0.0, 0.387838, 0.0, 0.022814, 0.0]"
STATE_MOTOR,140426.92200746387,"[-0.009970875121256667, 0.01227184630308513, 0.5698738626995157, -0.0015339807878856412, -0.007669903939428206, 0.49573210768220616]","[0.0, 0.0, 0.0, 0.0, 0.0, 0.0]","[0.022814, 0.022814, 0.479094, 0.0, 0.022814, 0.022814]"
STATE_MOTOR,160483.7670456618,"[-0.009970875121256667, 0.01227184630308513, 0.5698738626995157, -0.0015339807878856412, -0.007669903939428206, 0.49573210768220616]","[0.0, 0.0, 0.0, 0.0, 0.0, 0.0]","[0.022814, 0.022814, 0.319396, 0.0, 0.0, 0.022814]"
STATE_MOTOR,180540.68298079073,"[-0.009970875121256667, 0.01227184630308513, 0.5698738626995157, -0.0015339807878856412, -0.007669903939428206, 0.49573210768220616]","[0.0, 0.0, 0.0, 0.0, 0.0, 0.0]","[0.022814, 0.0, 0.365024, 0.0, 0.022814, 0.0]"
STATE_MOTOR,200600.29299929738,"[-0.009970875121256667, 0.01227184630308513, 0.5698738626995157, -0.0015339807878856412, -0.007669903939428206, 0.49573210768220616]","[0.0, 0.0, 0.0, 0.0, 0.0, 0.0]","[0.0, 0.0, 0.433466, 0.0, 0.0, 0.022814]"
STATE_MOTOR,220657.2180148214,"[-0.009970875121256667, 0.01227184630308513, 0.5698738626995157, -0.0015339807878856412, -0.007669903939428206, 0.49573210768220616]","[0.0, 0.0, 0.0, 0.0, 0.0, 0.0]","[0.022814, 0.022814, 0.365024, 0.0, 0.0, 0.0]"
STATE_MOTOR,240711.22996974736,"[-0.009970875121256667, 0.01227184630308513, 0.5698738626995157, -0.0015339807878856412, -0.007669903939428206, 0.49573210768220616]","[0.0, 0.0, 0.0, 0.0, 0.0, 0.0]","[0.0, 0.022814, 0.433466, 0.0, 0.022814, 0.022814]"
STATE_MOTOR,260768.18502042443,"[-0.009970875121256667, 0.01227184630308513, 0.5698738626995157, -0.0015339807878856412, -0.007669903939428206, 0.49573210768220616]","[0.0, 0.0, 0.0, 0.0, 0.0, 0.0]","[0.022814, 0.022814, 0.387838, 0.0, 0.022814, 0.022814]"
STATE_MOTOR,280827.92495843023,"[-0.009970875121256667, 0.01227184630308513, 0.5698738626995157, -0.0015339807878856412, -0.007669903939428206, 0.49573210768220616]","[0.0, 0.0, 0.0, 0.0, 0.0, 0.0]","[0.022814, 0.0, 0.387838, 0.0, 0.0, 0.0]"
STATE_MOTOR,300864.6609960124,"[-0.009970875121256667, 0.01227184630308513, 0.5698738626995157, -0.0015339807878856412, -0.007669903939428206, 0.49573210768220616]","[0.0, 0.0, 0.0, 0.0, 0.0, 0.0]","[0.022814, 0.022814, 0.365024, 0.0, 0.022814, 0.022814]"
STATE_MOTOR,320918.72196178883,"[-0.009970875121256667, 0.01227184630308513, 0.5698738626995157, -0.0015339807878856412, -0.007669903939428206, 0.49573210768220616]","[0.0, 0.0, 0.0, 0.0, 0.0, 0.0]","[0.022814, 0.022814, 0.479094, 0.0, 0.0, 0.022814]"
STATE_MOTOR,340975.65803676844,"[-0.009970875121256667, 0.01227184630308513, 0.5698738626995157, -0.0015339807878856412, -0.007669903939428206, 0.49573210768220616]","[0.0, 0.0, 0.0, 0.0, 0.0, 0.0]","[0.022814, 0.022814, 0.34221, 0.0, 0.0, 0.022814]"
STATE_MOTOR,361034.12602096796,"[-0.009970875121256667, 0.01227184630308513, 0.5698738626995157, -0.0015339807878856412, -0.007669903939428206, 0.49573210768220616]","[0.0, 0.0, 0.0, 0.0, 0.0, 0.0]","[0.022814, 0.0, 0.501908, 0.0, 0.0, 0.022814]"
STATE_MOTOR,381099.23293814063,"[-0.009970875121256667, 0.01227184630308513, 0.5698738626995157, -0.0015339807878856412, -0.007669903939428206, 0.49573210768220616]","[0.0, 0.0, 0.0, 0.0, 0.0, 0.0]","[0.022814, 0.0, 0.365024, 0.0, 0.0, 0.022814]"
STATE_MOTOR,401159.6250347793,"[-0.009970875121256667, 0.01227184630308513, 0.5698738626995157, -0.0015339807878856412, -0.007669903939428206, 0.49573210768220616]","[0.0, 0.0, 0.0, 0.0, 0.0, 0.0]","[0.022814, 0.022814, 0.410652, 0.0, 0.022814, 0.022814]"
STATE_MOTOR,421225.122991018,"[-0.009970875121256667, 0.01227184630308513, 0.5698738626995157, -0.0015339807878856412, -0.007669903939428206, 0.49573210768220616]","[0.0, 0.0, 0.0, 0.0, 0.0, 0.0]","[0.022814, 0.022814, 0.479094, 0.0, 0.022814, 0.022814]"
STATE_MOTOR,441283.09993539006,"[-0.009970875121256667, 0.01227184630308513, 0.5698738626995157, -0.0015339807878856412, -0.007669903939428206, 0.49573210768220616]","[0.0, 0.0, 0.0, 0.0, 0.0, 0.0]","[0.022814, 0.022814, 0.365024, 0.0, 0.022814, 0.022814]"
STATE_MOTOR,461341.34801104665,"[-0.009970875121256667, 0.01227184630308513, 0.5698738626995157, -0.0015339807878856412, -0.007669903939428206, 0.49573210768220616]","[0.0, 0.0, 0.0, 0.0, 0.0, 0.0]","[0.022814, 0.0, 0.479094, 0.0, 0.022814, 0.022814]"
STATE_MOTOR,481406.92594461143,"[-0.009970875121256667, 0.01227184630308513, 0.5698738626995157, -0.0015339807878856412, -0.007669903939428206, 0.49573210768220616]","[0.0, 0.0, 0.0, 0.0, 0.0, 0.0]","[0.022814, 0.022814, 0.387838, 0.0, 0.022814, 0.022814]"
STATE_MOTOR,501464.3130125478,"[-0.009970875121256667, 0.01227184630308513, 0.5698738626995157, -0.0015339807878856412, -0.007669903939428206, 0.49573210768220616]","[0.0, 0.0, 0.0, 0.0, 0.0, 0.0]","[0.0, 0.022814, 0.433466, 0.0, 0.0, 0.022814]"
STATE_MOTOR,521528.4490259364,"[-0.009970875121256667, 0.01227184630308513, 0.5698738626995157, -0.0015339807878856412, -0.007669903939428206, 0.49573210768220616]","[0.0, 0.0, 0.0, 0.0, 0.0, 0.0]","[0.022814, 0.0, 0.365024, 0.0, 0.022814, 0.022814]"
STATE_MOTOR,541589.4909529015,"[-0.009970875121256667, 0.01227184630308513, 0.5698738626995157, -0.0015339807878856412, -0.007669903939428206, 0.49573210768220616]","[0.0, 0.0, 0.0, 0.0, 0.0, 0.0]","[0.022814, 0.022814, 0.45628, 0.0, 0.022814, 0.022814]"
STATE_MOTOR,561649.0009706467,"[-0.009970875121256667, 0.01227184630308513, 0.5698738626995157, -0.0015339807878856412, -0.007669903939428206, 0.49573210768220616]","[0.0, 0.0, 0.0, 0.0, 0.0, 0.0]","[0.0, 0.022814, 0.365024, 0.0, 0.0, 0.022814]"
STATE_MOTOR,581712.8459457308,"[-0.009970875121256667, 0.01227184630308513, 0.5698738626995157, -0.0015339807878856412, -0.007669903939428206, 0.49573210768220616]","[0.0, 0.0, 0.0, 0.0, 0.0, 0.0]","[0.0, 0.0, 0.479094, 0.0, 0.0, 0.022814]"
STATE_MOTOR,601771.1439635605,"[-0.009970875121256667, 0.01227184630308513, 0.5698738626995157, -0.0015339807878856412, -0.007669903939428206, 0.49573210768220616]","[0.0, 0.0, 0.0, 0.0, 0.0, 0.0]","[0.022814, 0.022814, 0.365024, 0.0, 0.022814, 0.022814]"
STATE_MOTOR,621835.5109449476,"[-0.009970875121256667, 0.01227184630308513, 0.5698738626995157, -0.0015339807878856412, -0.007669903939428206, 0.49573210768220616]","[0.0, 0.0, 0.0, 0.0, 0.0, 0.0]","[0.022814, 0.022814, 0.365024, 0.0, 0.0, 0.022814]"
STATE_MOTOR,641896.2819734588,"[-0.009970875121256667, 0.01227184630308513, 0.5698738626995157, -0.0015339807878856412, -0.007669903939428206, 0.49573210768220616]","[0.0, 0.0, 0.0, 0.0, 0.0, 0.0]","[0.022814, 0.022814, 0.387838, 0.0, 0.0, 0.0]"
STATE_MOTOR,661954.2900007218,"[-0.009970875121256667, 0.01227184630308513, 0.5698738626995157, -0.0015339807878856412, -0.007669903939428206, 0.49573210768220616]","[0.0, 0.0, 0.0, 0.0, 0.0, 0.0]","[0.022814, 0.022814, 0.479094, 0.0, 0.022814, 0.0]"
STATE_MOTOR,682015.310972929,"[-0.009970875121256667, 0.01227184630308513, 0.5698738626995157, -0.0015339807878856412, -0.007669903939428206, 0.49573210768220616]","[0.0, 0.0, 0.0, 0.0, 0.0, 0.0]","[0.022814, 0.022814, 0.365024, 0.0, 0.0, 0.022814]"
STATE_MOTOR,702077.4949342012,"[-0.009970875121256667, 0.01227184630308513, 0.5698738626995157, -0.0015339807878856412, -0.007669903939428206, 0.49573210768220616]","[0.0, 0.0, 0.0, 0.0, 0.0, 0.0]","[0.022814, 0.022814, 0.365024, 0.0, 0.0, 0.0]"
STATE_MOTOR,722135.7530215755,"[-0.009970875121256667, 0.01227184630308513, 0.5698738626995157, -0.0015339807878856412, -0.007669903939428206, 0.49573210768220616]","[0.0, 0.0, 0.0, 0.0, 0.0, 0.0]","[0.022814, 0.045628, 0.479094, 0.0, 0.022814, 0.022814]"
STATE_MOTOR,742196.3539673015,"[-0.009970875121256667, 0.01227184630308513, 0.5698738626995157, -0.0015339807878856412, -0.007669903939428206, 0.49573210768220616]","[0.0, 0.0, 0.0, 0.0, 0.0, 0.0]","[0.0, 0.022814, 0.410652, 0.0, 0.022814, 0.022814]"
STATE_MOTOR,762256.4539778978,"[-0.009970875121256667, 0.01227184630308513, 0.5698738626995157, -0.0015339807878856412, -0.007669903939428206, 0.49573210768220616]","[0.0, 0.0, 0.0, 0.0, 0.0, 0.0]","[0.022814, 0.022814, 0.365024, 0.0, 0.022814, 0.0]"
STATE_MOTOR,782317.5359517336,"[-0.009970875121256667, 0.01227184630308513, 0.5698738626995157, -0.0015339807878856412, -0.007669903939428206, 0.49573210768220616]","[0.0, 0.0, 0.0, 0.0, 0.0, 0.0]","[0.022814, 0.022814, 0.410652, 0.0, 0.0, 0.0]"
STATE_MOTOR,802376.9749561325,"[-0.009970875121256667, 0.01227184630308513, 0.5698738626995157, -0.0015339807878856412, -0.007669903939428206, 0.49573210768220616]","[0.0, 0.0, 0.0, 0.0, 0.0, 0.0]","[0.022814, 0.022814, 0.524722, 0.0, 0.022814, 0.022814]"
STATE_MOTOR,822435.4829872027,"[-0.009970875121256667, 0.01227184630308513, 0.5698738626995157, -0.0015339807878856412, -0.007669903939428206, 0.49573210768220616]","[0.0, 0.0, 0.0, 0.0, 0.0, 0.0]","[0.022814, 0.022814, 0.365024, 0.0, 0.0, 0.022814]"
STATE_MOTOR,842493.9209362492,"[-0.009970875121256667, 0.01227184630308513, 0.5698738626995157, -0.0015339807878856412, -0.007669903939428206, 0.49573210768220616]","[0.0, 0.0, 0.0, 0.0, 0.0, 0.0]","[0.022814, 0.022814, 0.365024, 0.0, 0.022814, 0.022814]"
STATE_MOTOR,862553.4010352567,"[-0.009970875121256667, 0.01227184630308513, 0.5698738626995157, -0.0015339807878856412, -0.007669903939428206, 0.49573210768220616]","[0.0, 0.0, 0.0, 0.0, 0.0, 0.0]","[0.0, 0.022814, 0.387838, 0.0, 0.022814, 0.022814]"
STATE_MOTOR,882614.7930230945,"[-0.009970875121256667, 0.01227184630308513, 0.5698738626995157, -0.0015339807878856412, -0.007669903939428206, 0.49573210768220616]","[0.0, 0.0, 0.0, 0.0, 0.0, 0.0]","[0.022814, 0.022814, 0.479094, 0.0, 0.0, 0.022814]"
STATE_MOTOR,902681.1829535291,"[-0.009970875121256667, 0.01227184630308513, 0.5698738626995157, -0.0015339807878856412, -0.007669903939428206, 0.49573210768220616]","[0.0, 0.0, 0.0, 0.0, 0.0, 0.0]","[0.022814, 0.0, 0.387838, 0.0, 0.022814, 0.022814]"
STATE_MOTOR,922741.5840141475,"[-0.009970875121256667, 0.01227184630308513, 0.5698738626995157, -0.0015339807878856412, -0.007669903939428206, 0.49573210768220616]","[0.0, 0.0, 0.0, 0.0, 0.0, 0.0]","[0.022814, 0.022814, 0.479094, 0.0, 0.022814, 0.022814]"
STATE_MOTOR,942801.1239506304,"[-0.009970875121256667, 0.01227184630308513, 0.5698738626995157, -0.0015339807878856412, -0.007669903939428206, 0.49573210768220616]","[0.0, 0.0, 0.0, 0.0, 0.0, 0.0]","[0.022814, 0.022814, 0.410652, 0.0, 0.0, 0.0]"
STATE_MOTOR,962862.2450400144,"[-0.009970875121256667, 0.01227184630308513, 0.5698738626995157, -0.0015339807878856412, -0.007669903939428206, 0.49573210768220616]","[0.0, 0.0, 0.0, 0.0, 0.0, 0.0]","[0.022814, 0.022814, 0.387838, 0.0, 0.0, 0.022814]"
STATE_MOTOR,982924.9900067225,"[-0.009970875121256667, 0.01227184630308513, 0.5698738626995157, -0.0015339807878856412, -0.007669903939428206, 0.49573210768220616]","[0.0, 0.0, 0.0, 0.0, 0.0, 0.0]","[0.022814, 0.022814, 0.365024, 0.0, 0.022814, 0.022814]"
STATE_MOTOR,1002986.5419492126,"[-0.009970875121256667, 0.01227184630308513, 0.5698738626995157, -0.0015339807878856412, -0.007669903939428206, 0.49573210768220616]","[0.0, 0.0, 0.0, 0.0, 0.0, 0.0]","[0.0, 0.022814, 0.365024, 0.0, 0.022814, 0.022814]"
STATE_MOTOR,1023072.2109554335,"[-0.009970875121256667, 0.01227184630308513, 0.5698738626995157, -0.0015339807878856412, -0.007669903939428206, 0.49573210768220616]","[0.0, 0.0, 0.0, 0.0, 0.0, 0.0]","[0.0, 0.0, 0.524722, 0.0, 0.0, 0.022814]"
STATE_MOTOR,1043134.0039940551,"[-0.009970875121256667, 0.01227184630308513, 0.5698738626995157, -0.0015339807878856412, -0.007669903939428206, 0.49573210768220616]","[0.0, 0.0, 0.0, 0.0, 0.0, 0.0]","[0.022814, 0.022814, 0.387838, 0.0, 0.022814, 0.0]"
STATE_MOTOR,1063190.739019774,"[-0.009970875121256667, 0.01227184630308513, 0.5698738626995157, -0.0015339807878856412, -0.007669903939428206, 0.49573210768220616]","[0.0, 0.0, 0.0, 0.0, 0.0, 0.0]","[0.022814, 0.022814, 0.387838, 0.0, 0.0, 0.022814]"
STATE_MOTOR,1083254.02403716,"[-0.009970875121256667, 0.01227184630308513, 0.5698738626995157, -0.0015339807878856412, -0.007669903939428206, 0.49573210768220616]","[0.0, 0.0, 0.0, 0.0, 0.0, 0.0]","[0.022814, 0.022814, 0.365024, 0.0, 0.022814, 0.0]"
STATE_MOTOR,1103313.6339392513,"[-0.009970875121256667, 0.01227184630308513, 0.5698738626995157, -0.0015339807878856412, -0.007669903939428206, 0.49573210768220616]","[0.0, 0.0, 0.0, 0.0, 0.0, 0.0]","[0.022814, 0.022814, 0.433466, 0.0, 0.022814, 0.022814]"
STATE_MOTOR,1123377.0690159872,"[-0.009970875121256667, 0.01227184630308513, 0.5698738626995157, -0.0015339807878856412, -0.007669903939428206, 0.49573210768220616]","[0.0, 0.0, 0.0, 0.0, 0.0, 0.0]","[0.0, 0.022814, 0.365024, 0.0, 0.0, 0.0]"
STATE_MOTOR,1143443.7290299684,"[-0.009970875121256667, 0.01227184630308513, 0.5698738626995157, -0.0015339807878856412, -0.007669903939428206, 0.49573210768220616]","[0.0, 0.0, 0.0, 0.0, 0.0, 0.0]","[0.022814, 0.022814, 0.45628, 0.0, 0.0, 0.022814]"
STATE_MOTOR,1163504.3809656054,"[-0.009970875121256667, 0.01227184630308513, 0.5698738626995157, -0.0015339807878856412, -0.007669903939428206, 0.49573210768220616]","[0.0, 0.0, 0.0, 0.0, 0.0, 0.0]","[0.022814, 0.022814, 0.433466, 0.0, 0.022814, 0.022814]"
STATE_MOTOR,1183565.1019355282,"[-0.009970875121256667, 0.01227184630308513, 0.5698738626995157, -0.0015339807878856412, -0.007669903939428206, 0.49573210768220616]","[0.0, 0.0, 0.0, 0.0, 0.0, 0.0]","[0.0, 0.022814, 0.365024, 0.0, 0.0, 0.022814]"
STATE_MOTOR,1203625.2829711884,"[-0.009970875121256667, 0.01227184630308513, 0.5698738626995157, -0.0015339807878856412, -0.007669903939428206, 0.49573210768220616]","[0.0, 0.0, 0.0, 0.0, 0.0, 0.0]","[0.022814, 0.0, 0.365024, 0.0, 0.022814, 0.022814]"
STATE_MOTOR,1223683.170042932,"[-0.009970875121256667, 0.01227184630308513, 0.5698738626995157, -0.0015339807878856412, -0.007669903939428206, 0.49573210768220616]","[0.0, 0.0, 0.0, 0.0, 0.0, 0.0]","[0.0, 0.022814, 0.479094, 0.0, 0.0, 0.022814]"
STATE_MOTOR,1243743.130005896,"[-0.009970875121256667, 0.01227184630308513, 0.5698738626995157, -0.0015339807878856412, -0.007669903939428206, 0.49573210768220616]","[0.0, 0.0, 0.0, 0.0, 0.0, 0.0]","[0.022814, 0.0, 0.34221, 0.0, 0.0, 0.022814]"
STATE_MOTOR,1263802.8799556196,"[-0.009970875121256667, 0.01227184630308513, 0.5698738626995157, -0.0015339807878856412, -0.007669903939428206, 0.49573210768220616]","[0.0, 0.0, 0.0, 0.0, 0.0, 0.0]","[0.022814, 0.022814, 0.365024, 0.0, 0.022814, 0.022814]"
STATE_MOTOR,1283861.7380475625,"[-0.009970875121256667, 0.01227184630308513, 0.5698738626995157, -0.0015339807878856412, -0.007669903939428206, 0.49573210768220616]","[0.0, 0.0, 0.0, 0.0, 0.0, 0.0]","[0.0, 0.022814, 0.365024, 0.0, 0.022814, 0.0]"
STATE_MOTOR,1303921.7790355906,"[-0.009970875121256667, 0.01227184630308513, 0.5698738626995157, -0.0015339807878856412, -0.007669903939428206, 0.49573210768220616]","[0.0, 0.0, 0.0, 0.0, 0.0, 0.0]","[0.0, 0.022814, 0.365024, 0.0, 0.0, 0.0]"
STATE_MOTOR,1323980.3969627246,"[-0.009970875121256667, 0.01227184630308513, 0.5698738626995157, -0.0015339807878856412, -0.007669903939428206, 0.49573210768220616]","[0.0, 0.0, 0.0, 0.0, 0.0, 0.0]","[0.022814, 0.0, 0.365024, 0.0, 0.0, 0.0]"
STATE_MOTOR,1344037.5929931179,"[-0.009970875121256667, 0.01227184630308513, 0.5698738626995157, -0.0015339807878856412, -0.007669903939428206, 0.49573210768220616]","[0.0, 0.0, 0.0, 0.0, 0.0, 0.0]","[0.022814, 0.022814, 0.365024, 0.0, 0.022814, 0.0]"
STATE_MOTOR,1364097.723038867,"[-0.009970875121256667, 0.01227184630308513, 0.5698738626995157, -0.0015339807878856412, -0.007669903939428206, 0.49573210768220616]","[0.0, 0.0, 0.0, 0.0, 0.0, 0.0]","[0.022814, 0.022814, 0.387838, 0.0, 0.022814, 0.022814]"
STATE_MOTOR,1384157.0829972625,"[-0.009970875121256667, 0.01227184630308513, 0.5698738626995157, -0.0015339807878856412, -0.007669903939428206, 0.49573210768220616]","[0.0, 0.0, 0.0, 0.0, 0.0, 0.0]","[0.022814, 0.022814, 0.524722, 0.0, 0.022814, 0.022814]"
STATE_MOTOR,1404221.449047327,"[-0.009970875121256667, 0.01227184630308513, 0.5698738626995157, -0.0015339807878856412, -0.007669903939428206, 0.49573210768220616]","[0.0, 0.0, 0.0, 0.0, 0.0, 0.0]","[0.022814, 0.022814, 0.433466, 0.022814, 0.022814, 0.0]"
STATE_MOTOR,1424283.1119336188,"[-0.009970875121256667, 0.01227184630308513, 0.5698738626995157, -0.0015339807878856412, -0.007669903939428206, 0.49573210768220616]","[0.0, 0.0, 0.0, 0.0, 0.0, 0.0]","[0.022814, 0.0, 0.433466, 0.0, 0.0, 0.0]"
STATE_MOTOR,1444342.8020458668,"[-0.009970875121256667, 0.01227184630308513, 0.5698738626995157, -0.0015339807878856412, -0.007669903939428206, 0.49573210768220616]","[0.0, 0.0, 0.0, 0.0, 0.0, 0.0]","[0.022814, 0.022814, 0.365024, 0.0, 0.022814, 0.022814]"
STATE_MOTOR,1464404.123951681,"[-0.009970875121256667, 0.01227184630308513, 0.5698738626995157, -0.0015339807878856412, -0.007669903939428206, 0.49573210768220616]","[0.0, 0.0, 0.0, 0.0, 0.0, 0.0]","[0.022814, 0.022814, 0.387838, 0.0, 0.022814, 0.022814]"
STATE_MOTOR,1484465.2760075405,"[-0.009970875121256667, 0.01227184630308513, 0.5698738626995157, -0.0015339807878856412, -0.007669903939428206, 0.49573210768220616]","[0.0, 0.0, 0.0, 0.0, 0.0, 0.0]","[0.022814, 0.0, 0.410652, 0.0, 0.0, 0.0]"
STATE_MOTOR,1504530.583973974,"[-0.009970875121256667, 0.01227184630308513, 0.5698738626995157, -0.0015339807878856412, -0.007669903939428206, 0.49573210768220616]","[0.0, 0.0, 0.0, 0.0, 0.0, 0.0]","[0.022814, 0.022814, 0.365024, 0.0, 0.0, 0.022814]"
STATE_MOTOR,1524587.559979409,"[-0.009970875121256667, 0.01227184630308513, 0.5698738626995157, -0.0015339807878856412, -0.007669903939428206, 0.49573210768220616]","[0.0, 0.0, 0.0, 0.0, 0.0, 0.0]","[0.022814, 0.022814, 0.365024, 0.0, 0.0, 0.022814]"
STATE_MOTOR,1544652.8380271047,"[-0.009970875121256667, 0.01227184630308513, 0.5698738626995157, -0.0015339807878856412, -0.007669903939428206, 0.49573210768220616]","[0.0, 0.0, 0.0, 0.0, 0.0, 0.0]","[0.0, 0.0, 0.410652, 0.0, 0.022814, 0.022814]"
STATE_MOTOR,1564716.4329420775,"[-0.009970875121256667, 0.01227184630308513, 0.5698738626995157, -0.0015339807878856412, -0.007669903939428206, 0.49573210768220616]","[0.0, 0.0, 0.0, 0.0, 0.0, 0.0]","[0.022814, 0.022814, 0.479094, 0.0, 0.022814, 0.0]"
STATE_MOTOR,1584779.1379783303,"[-0.009970875121256667, 0.01227184630308513, 0.5698738626995157, -0.0015339807878856412, -0.007669903939428206, 0.49573210768220616]","[0.0, 0.0, 0.0, 0.0, 0.0, 0.0]","[0.022814, 0.022814, 0.365024, 0.0, 0.022814, 0.022814]"
STATE_MOTOR,1604838.5070171207,"[-0.009970875121256667, 0.01227184630308513, 0.5698738626995157, -0.0015339807878856412, -0.007669903939428206, 0.49573210768220616]","[0.0, 0.0, 0.0, 0.0, 0.0, 0.0]","[0.0, 0.022814, 0.365024, 0.0, 0.022814, 0.0]"
STATE_MOTOR,1624865.388032049,"[-0.009970875121256667, 0.01227184630308513, 0.5698738626995157, -0.0015339807878856412, -0.007669903939428206, 0.49573210768220616]","[0.0, 0.0, 0.0, 0.0, 0.0, 0.0]","[0.022814, 0.022814, 0.319396, 0.0, 0.0, 0.022814]"
STATE_MOTOR,1644924.035994336,"[-0.009970875121256667, 0.01227184630308513, 0.5698738626995157, -0.0015339807878856412, -0.007669903939428206, 0.49573210768220616]","[0.0, 0.0, 0.0, 0.0, 0.0, 0.0]","[0.022814, 0.022814, 0.45628, 0.0, 0.022814, 0.045628]"
STATE_MOTOR,1664982.9850066453,"[-0.009970875121256667, 0.01227184630308513, 0.5698738626995157, -0.0015339807878856412, -0.007669903939428206, 0.49573210768220616]","[0.0, 0.0, 0.0, 0.0, 0.0, 0.0]","[0.022814, 0.0, 0.45628, 0.0, 0.0, 0.022814]"
STATE_MOTOR,1685040.9019971266,"[-0.009970875121256667, 0.01227184630308513, 0.5698738626995157, -0.0015339807878856412, -0.007669903939428206, 0.49573210768220616]","[0.0, 0.0, 0.0, 0.0, 0.0, 0.0]","[0.0, 0.0, 0.365024, 0.0, 0.0, 0.022814]"
STATE_MOTOR,1705097.9080377147,"[-0.009970875121256667, 0.01227184630308513, 0.5698738626995157, -0.0015339807878856412, -0.007669903939428206, 0.49573210768220616]","[0.0, 0.0, 0.0, 0.0, 0.0, 0.0]","[0.022814, 0.022814, 0.365024, 0.0, 0.022814, 0.022814]"
STATE_MOTOR,1725156.7259663716,"[-0.009970875121256667, 0.01227184630308513, 0.5698738626995157, -0.0015339807878856412, -0.007669903939428206, 0.49573210768220616]","[0.0, 0.0, 0.0, 0.0, 0.0, 0.0]","[0.022814, 0.022814, 0.479094, 0.0, 0.022814, 0.022814]"
STATE_MOTOR,1745219.800970517,"[-0.009970875121256667, 0.01227184630308513, 0.5698738626995157, -0.0015339807878856412, -0.007669903939428206, 0.49573210768220616]","[0.0, 0.0, 0.0, 0.0, 0.0, 0.0]","[0.022814, 0.022814, 0.433466, 0.0, 0.0, 0.022814]"
STATE_MOTOR,1765277.7780313045,"[-0.009970875121256667, 0.01227184630308513, 0.5698738626995157, -0.0015339807878856412, -0.007669903939428206, 0.49573210768220616]","[0.0, 0.0, 0.0, 0.0, 0.0, 0.0]","[0.022814, 0.022814, 0.365024, 0.0, 0.0, 0.022814]"
STATE_MOTOR,1785339.621012099,"[-0.009970875121256667, 0.01227184630308513, 0.5698738626995157, -0.0015339807878856412, -0.007669903939428206, 0.49573210768220616]","[0.0, 0.0, 0.0, 0.0, 0.0, 0.0]","[0.022814, 0.022814, 0.365024, 0.0, 0.0, 0.0]"
STATE_MOTOR,1805401.6040405259,"[-0.009970875121256667, 0.01227184630308513, 0.5698738626995157, -0.0015339807878856412, -0.007669903939428206, 0.49573210768220616]","[0.0, 0.0, 0.0, 0.0, 0.0, 0.0]","[0.022814, 0.022814, 0.365024, 0.0, 0.022814, 0.0]"
STATE_MOTOR,1825459.9520005286,"[-0.009970875121256667, 0.01227184630308513, 0.5698738626995157, -0.0015339807878856412, -0.007669903939428206, 0.49573210768220616]","[0.0, 0.0, 0.0, 0.0, 0.0, 0.0]","[0.0, 0.022814, 0.45628, 0.0, 0.0, 0.022814]"
STATE_MOTOR,1845526.1320341378,"[-0.009970875121256667, 0.01227184630308513, 0.5698738626995157, -0.0015339807878856412, -0.007669903939428206, 0.49573210768220616]","[0.0, 0.0, 0.0, 0.0, 0.0, 0.0]","[0.0, 0.022814, 0.365024, 0.0, 0.0, 0.022814]"
STATE_MOTOR,1865588.0149453878,"[-0.009970875121256667, 0.01227184630308513, 0.5698738626995157, -0.0015339807878856412, -0.007669903939428206, 0.49573210768220616]","[0.0, 0.0, 0.0, 0.0, 0.0, 0.0]","[0.0, 0.022814, 0.479094, 0.0, 0.022814, 0.022814]"
STATE_MOTOR,1885651.9010150805,"[-0.009970875121256667, 0.01227184630308513, 0.5698738626995157, -0.0015339807878856412, -0.007669903939428206, 0.49573210768220616]","[0.0, 0.0, 0.0, 0.0, 0.0, 0.0]","[0.022814, 0.022814, 0.365024, 0.0, 0.022814, 0.022814]"
STATE_MOTOR,1905711.650964804,"[-0.009970875121256667, 0.01227184630308513, 0.5698738626995157, -0.0015339807878856412, -0.007669903939428206, 0.49573210768220616]","[0.0, 0.0, 0.0, 0.0, 0.0, 0.0]","[0.022814, 0.0, 0.365024, 0.0, 0.022814, 0.022814]"
STATE_MOTOR,1925772.150978446,"[-0.009970875121256667, 0.01227184630308513, 0.5698738626995157, -0.0015339807878856412, -0.007669903939428206, 0.49573210768220616]","[0.0, 0.0, 0.0, 0.0, 0.0, 0.0]","[0.022814, 0.022814, 0.433466, 0.0, 0.022814, 0.0]"
STATE_MOTOR,1945830.8200119063,"[-0.009970875121256667, 0.01227184630308513, 0.5698738626995157, -0.0015339807878856412, -0.007669903939428206, 0.49573210768220616]","[0.0, 0.0, 0.0, 0.0, 0.0, 0.0]","[0.022814, 0.0, 0.433466, 0.0, 0.022814, 0.022814]"
STATE_MOTOR,1965889.647952281,"[-0.009970875121256667, 0.01227184630308513, 0.5698738626995157, -0.0015339807878856412, -0.007669903939428206, 0.49573210768220616]","[0.0, 0.0, 0.0, 0.0, 0.0, 0.0]","[0.0, 0.0, 0.387838, 0.0, 0.0, 0.022814]"
STATE_MOTOR,1985946.7439819127,"[-0.009970875121256667, 0.01227184630308513, 0.5698738626995157, -0.0015339807878856412, -0.007669903939428206, 0.49573210768220616]","[0.0, 0.0, 0.0, 0.0, 0.0, 0.0]","[0.022814, 0.0, 0.501908, 0.0, 0.022814, 0.022814]"
STATE_MOTOR,2006002.7689905837,"[-0.009970875121256667, 0.01227184630308513, 0.5698738626995157, -0.0015339807878856412, -0.007669903939428206, 0.49573210768220616]","[0.0, 0.0, 0.0, 0.0, 0.0, 0.0]","[0.022814, 0.022814, 0.365024, 0.0, 0.022814, 0.022814]"
STATE_MOTOR,2026086.8449695408,"[-0.009970875121256667, 0.01227184630308513, 0.5698738626995157, -0.0015339807878856412, -0.007669903939428206, 0.49573210768220616]","[0.0, 0.0, 0.0, 0.0, 0.0, 0.0]","[0.0, 0.0, 0.433466, 0.0, 0.022814, 0.022814]"
STATE_MOTOR,2046144.9020076543,"[-0.009970875121256667, 0.01227184630308513, 0.5698738626995157, -0.0015339807878856412, -0.007669903939428206, 0.49573210768220616]","[0.0, 0.0, 0.0, 0.0, 0.0, 0.0]","[0.022814, 0.022814, 0.387838, 0.0, 0.022814, 0.022814]"
STATE_MOTOR,2066208.0670008436,"[-0.009970875121256667, 0.01227184630308513, 0.5698738626995157, -0.0015339807878856412, -0.007669903939428206, 0.49573210768220616]","[0.0, 0.0, 0.0, 0.0, 0.0, 0.0]","[0.022814, 0.022814, 0.365024, 0.0, 0.0, 0.0]"
STATE_MOTOR,2086266.9959897175,"[-0.009970875121256667, 0.01227184630308513, 0.5698738626995157, -0.0015339807878856412, -0.007669903939428206, 0.49573210768220616]","[0.0, 0.0, 0.0, 0.0, 0.0, 0.0]","[0.022814, 0.022814, 0.387838, 0.0, 0.0, 0.0]"
STATE_MOTOR,2106326.4349941164,"[-0.009970875121256667, 0.01227184630308513, 0.5698738626995157, -0.0015339807878856412, -0.007669903939428206, 0.49573210768220616]","[0.0, 0.0, 0.0, 0.0, 0.0, 0.0]","[0.0, 0.022814, 0.365024, 0.0, 0.022814, 0.0]"
STATE_MOTOR,2126381.2369434163,"[-0.009970875121256667, 0.01227184630308513, 0.5698738626995157, -0.0015339807878856412, -0.007669903939428206, 0.49573210768220616]","[0.0, 0.0, 0.0, 0.0, 0.0, 0.0]","[0.022814, 0.0, 0.365024, 0.0, 0.0, 0.022814]"
STATE_MOTOR,2146437.222021632,"[-0.009970875121256667, 0.01227184630308513, 0.5698738626995157, -0.0015339807878856412, -0.007669903939428206, 0.49573210768220616]","[0.0, 0.0, 0.0, 0.0, 0.0, 0.0]","[0.022814, 0.022814, 0.365024, 0.0, 0.0, 0.0]"
STATE_MOTOR,2166497.2719736397,"[-0.009970875121256667, 0.01227184630308513, 0.5698738626995157, -0.0015339807878856412, -0.007669903939428206, 0.49573210768220616]","[0.0, 0.0, 0.0, 0.0, 0.0, 0.0]","[0.0, 0.022814, 0.365024, 0.0, 0.022814, 0.022814]"
STATE_MOTOR,2186555.8199351653,"[-0.009970875121256667, 0.01227184630308513, 0.5698738626995157, -0.0015339807878856412, -0.007669903939428206, 0.49573210768220616]","[0.0, 0.0, 0.0, 0.0, 0.0, 0.0]","[0.022814, 0.0, 0.34221, 0.0, 0.022814, 0.022814]"
STATE_MOTOR,2206613.0159655586,"[-0.009970875121256667, 0.01227184630308513, 0.5698738626995157, -0.0015339807878856412, -0.007669903939428206, 0.49573210768220616]","[0.0, 0.0, 0.0, 0.0, 0.0, 0.0]","[0.0, 0.022814, 0.34221, 0.0, 0.0, 0.0]"
STATE_MOTOR,2226672.5859371945,"[-0.009970875121256667, 0.01227184630308513, 0.5698738626995157, -0.0015339807878856412, -0.007669903939428206, 0.49573210768220616]","[0.0, 0.0, 0.0, 0.0, 0.0, 0.0]","[0.022814, 0.022814, 0.479094, 0.0, 0.022814, 0.022814]"
STATE_MOTOR,2246730.812941678,"[-0.009970875121256667, 0.01227184630308513, 0.5698738626995157, -0.0015339807878856412, -0.007669903939428206, 0.49573210768220616]","[0.0, 0.0, 0.0, 0.0, 0.0, 0.0]","[0.0, 0.0, 0.479094, 0.0, 0.022814, 0.022814]"
STATE_MOTOR,2266789.5009508356,"[-0.009970875121256667, 0.01227184630308513, 0.5698738626995157, -0.0015339807878856412, -0.007669903939428206, 0.49573210768220616]","[0.0, 0.0, 0.0, 0.0, 0.0, 0.0]","[0.022814, 0.022814, 0.365024, 0.0, 0.022814, 0.022814]"
STATE_MOTOR,2286846.5170031413,"[-0.009970875121256667, 0.01227184630308513, 0.5698738626995157, -0.0015339807878856412, -0.007669903939428206, 0.49573210768220616]","[0.0, 0.0, 0.0, 0.0, 0.0, 0.0]","[0.022814, 0.0, 0.410652, 0.0, 0.022814, 0.022814]"
STATE_MOTOR,2306865.5870156363,"[-0.009970875121256667, 0.01227184630308513, 0.5698738626995157, -0.0015339807878856412, -0.007669903939428206, 0.49573210768220616]","[0.0, 0.0, 0.0, 0.0, 0.0, 0.0]","[0.022814, 0.0, 0.365024, 0.0, 0.022814, 0.022814]"
STATE_MOTOR,2326923.6240303144,"[-0.009970875121256667, 0.01227184630308513, 0.5698738626995157, -0.0015339807878856412, -0.007669903939428206, 0.49573210768220616]","[0.0, 0.0, 0.0, 0.0, 0.0, 0.0]","[0.022814, 0.0, 0.479094, 0.0, 0.022814, 0.022814]"
STATE_MOTOR,2346981.610986404,"[-0.009970875121256667, 0.01227184630308513, 0.5698738626995157, -0.0015339807878856412, -0.007669903939428206, 0.49573210768220616]","[0.0, 0.0, 0.0, 0.0, 0.0, 0.0]","[0.022814, 0.022814, 0.433466, 0.0, 0.022814, 0.022814]"
STATE_MOTOR,2367037.885938771,"[-0.009970875121256667, 0.01227184630308513, 0.5698738626995157, -0.0015339807878856412, -0.007669903939428206, 0.49573210768220616]","[0.0, 0.0, 0.0, 0.0, 0.0, 0.0]","[0.022814, 0.0, 0.410652, 0.0, 0.022814, 0.022814]"
STATE_MOTOR,2387097.7259939536,"[-0.009970875121256667, 0.01227184630308513, 0.5698738626995157, -0.0015339807878856412, -0.007669903939428206, 0.49573210768220616]","[0.0, 0.0, 0.0, 0.0, 0.0, 0.0]","[0.0, 0.0, 0.387838, 0.0, 0.022814, 0.022814]"
STATE_MOTOR,2407157.2050452232,"[-0.009970875121256667, 0.01227184630308513, 0.5698738626995157, -0.0015339807878856412, -0.007669903939428206, 0.49573210768220616]","[0.0, 0.0, 0.0, 0.0, 0.0, 0.0]","[0.022814, 0.0, 0.501908, 0.0, 0.0, 0.022814]"
STATE_MOTOR,2427215.292933397,"[-0.009970875121256667, 0.01227184630308513, 0.5698738626995157, -0.0015339807878856412, -0.007669903939428206, 0.49573210768220616]","[0.0, 0.0, 0.0, 0.0, 0.0, 0.0]","[0.022814, 0.0, 0.45628, 0.0, 0.022814, 0.022814]"
STATE_MOTOR,2447273.649973795,"[-0.009970875121256667, 0.015339807878856412, 0.5698738626995157, -0.0015339807878856412, -0.007669903939428206, 0.49573210768220616]","[0.0, 0.07669903939428206, 0.0, 0.0, 0.0, 0.0]","[0.0, 0.0, 0.410652, 0.0, 0.0, 0.022814]"
STATE_MOTOR,2467328.383005224,"[-0.009970875121256667, 0.015339807878856412, 0.5698738626995157, -0.0015339807878856412, -0.007669903939428206, 0.49573210768220616]","[0.0, 0.07669903939428206, 0.0, 0.0, 0.0, 0.0]","[0.045628, 0.0, 0.479094, 0.0, 0.022814, 0.0]"
STATE_MOTOR,2487382.9149873927,"[-0.009970875121256667, 0.015339807878856412, 0.5698738626995157, -0.0015339807878856412, -0.007669903939428206, 0.49573210768220616]","[0.0, 0.0, 0.0, 0.0, 0.0, 0.0]","[0.022814, 0.0, 0.365024, 0.0, 0.0, 0.022814]"
STATE_MOTOR,2507455.463986844,"[-0.009970875121256667, 0.021475731030398976, 0.5698738626995157, -0.0015339807878856412, -0.007669903939428206, 0.49573210768220616]","[0.0, 0.15339807878856412, 0.0, 0.0, 0.0, 0.0]","[0.022814, 0.0, 0.365024, 0.0, 0.022814, 0.022814]"
STATE_MOTOR,2527514.952933416,"[-0.009970875121256667, 0.023009711818284616, 0.5698738626995157, -0.0015339807878856412, -0.007669903939428206, 0.49573210768220616]","[0.0, 0.15339807878856412, 0.0, 0.0, 0.0, 0.0]","[0.022814, 0.0, 0.365024, 0.0, 0.022814, 0.022814]"
STATE_MOTOR,2547581.9039857015,"[-0.009970875121256667, 0.02454369260617026, 0.5698738626995157, -0.0015339807878856412, -0.007669903939428206, 0.49573210768220616]","[0.0, 0.15339807878856412, 0.0, 0.0, 0.0, 0.0]","[0.0, 0.0, 0.410652, 0.0, 0.022814, 0.0]"
STATE_MOTOR,2567646.8210294843,"[-0.009970875121256667, 0.02454369260617026, 0.5698738626995157, -0.0015339807878856412, -0.007669903939428206, 0.49573210768220616]","[0.0, 0.0, 0.0, 0.0, 0.0, 0.0]","[0.0, 0.0, 0.479094, 0.0, 0.022814, 0.022814]"
STATE_MOTOR,2587708.543986082,"[-0.009970875121256667, 0.026077673394055898, 0.5698738626995157, -0.0015339807878856412, -0.007669903939428206, 0.49573210768220616]","[0.0, 0.07669903939428206, 0.0, 0.0, 0.0, 0.0]","[0.022814, 0.0, 0.501908, 0.0, 0.022814, 0.022814]"
STATE_MOTOR,2607768.2439936325,"[-0.009970875121256667, 0.026077673394055898, 0.5698738626995157, -0.0015339807878856412, -0.007669903939428206, 0.49573210768220616]","[0.0, 0.0, 0.0, 0.0, 0.0, 0.0]","[0.0, 0.0, 0.365024, 0.0, 0.022814, 0.022814]"
STATE_MOTOR,2627825.569943525,"[-0.008436894333371026, 0.026077673394055898, 0.5698738626995157, -0.0015339807878856412, -0.007669903939428206, 0.49573210768220616]","[0.0, 0.0, 0.0, 0.0, 0.0, 0.0]","[0.022814, 0.0, 0.365024, 0.0, 0.022814, 0.022814]"
STATE_MOTOR,2647882.575984113,"[-0.008436894333371026, 0.026077673394055898, 0.5683398819116301, -0.0015339807878856412, -0.007669903939428206, 0.49573210768220616]","[0.07669903939428206, 0.0, 0.0, 0.0, 0.0, 0.0]","[0.0, 0.0, 0.34221, 0.0, 0.0, 0.022814]"
STATE_MOTOR,2667939.6419785917,"[-0.008436894333371026, 0.02761165418194154, 0.5683398819116301, -0.0015339807878856412, -0.007669903939428206, 0.49573210768220616]","[0.0, 0.0, -0.07669903939428206, 0.0, 0.0, 0.0]","[0.022814, 0.0, 0.319396, 0.0, 0.022814, 0.0]"
STATE_MOTOR,2687997.9700315744,"[-0.008436894333371026, 0.032213596545598466, 0.5683398819116301, -0.0015339807878856412, -0.007669903939428206, 0.49573210768220616]","[0.0, 0.15339807878856412, 0.0, 0.0, 0.0, 0.0]","[0.022814, 0.0, 0.34221, 0.0, 0.022814, 0.0]"
STATE_MOTOR,2708055.9469759464,"[-0.008436894333371026, 0.035281558121369745, 0.5683398819116301, -0.0015339807878856412, -0.007669903939428206, 0.49573210768220616]","[0.0, 0.23009711818284617, 0.0, 0.0, 0.0, 0.0]","[0.022814, 0.0, 0.433466, 0.0, 0.022814, 0.0]"
STATE_MOTOR,2728116.70799274,"[-0.008436894333371026, 0.04141748127291231, 0.5683398819116301, -0.0015339807878856412, -0.007669903939428206, 0.49573210768220616]","[0.0, 0.23009711818284617, 0.0, 0.0, 0.0, 0.0]","[0.022814, 0.022814, 0.410652, 0.0, 0.0, 0.022814]"
STATE_MOTOR,2748173.8940114155,"[-0.008436894333371026, 0.04295146206079795, 0.5683398819116301, -0.0015339807878856412, -0.007669903939428206, 0.49573210768220616]","[0.0, 0.23009711818284617, 0.0, 0.0, 0.0, 0.0]","[0.0, 0.0, 0.365024, 0.0, 0.022814, 0.0]"
STATE_MOTOR,2768231.580965221,"[-0.008436894333371026, 0.044485442848683596, 0.5698738626995157, -0.0015339807878856412, -0.007669903939428206, 0.49573210768220616]","[0.0, 0.07669903939428206, 0.07669903939428206, 0.0, 0.0, 0.0]","[0.022814, 0.022814, 0.365024, 0.0, 0.022814, 0.0]"
STATE_MOTOR,2788286.773953587,"[-0.008436894333371026, 0.044485442848683596, 0.5698738626995157, -0.0015339807878856412, -0.007669903939428206, 0.49573210768220616]","[0.0, 0.0, 0.0, 0.0, 0.0, 0.0]","[0.022814, 0.0, 0.433466, 0.0, 0.0, 0.0]"
STATE_MOTOR,2808352.4130051956,"[-0.008436894333371026, 0.044485442848683596, 0.5698738626995157, -0.0015339807878856412, -0.007669903939428206, 0.49573210768220616]","[0.0, 0.0, 0.0, 0.0, 0.0, 0.0]","[0.022814, 0.0, 0.410652, 0.0, 0.022814, 0.0]"
STATE_MOTOR,2828413.003939204,"[-0.008436894333371026, 0.04601942363656923, 0.5683398819116301, -0.0015339807878856412, -0.007669903939428206, 0.49573210768220616]","[0.0, 0.0, -0.07669903939428206, 0.0, 0.0, 0.0]","[0.022814, 0.0, 0.410652, 0.0, 0.022814, 0.022814]"
STATE_MOTOR,2848471.281933598,"[-0.006902913545485385, 0.047553404424454875, 0.5683398819116301, -0.0015339807878856412, -0.007669903939428206, 0.49573210768220616]","[0.07669903939428206, 0.15339807878856412, 0.0, 0.0, 0.0, 0.0]","[0.022814, 0.0, 0.387838, 0.0, 0.022814, 0.0]"
STATE_MOTOR,2868531.7329363897,"[-0.006902913545485385, 0.04908738521234052, 0.5683398819116301, -0.0015339807878856412, -0.007669903939428206, 0.49573210768220616]","[0.0, 0.07669903939428206, 0.0, 0.0, 0.0, 0.0]","[0.0, 0.0, 0.365024, 0.0, 0.022814, 0.022814]"
STATE_MOTOR,2888593.415962532,"[-0.006902913545485385, 0.052155346788111796, 0.5683398819116301, -0.0015339807878856412, -0.007669903939428206, 0.49573210768220616]","[0.0, 0.07669903939428206, 0.0, 0.0, 0.0, 0.0]","[0.022814, 0.0, 0.319396, 0.0, 0.0, 0.0]"
STATE_MOTOR,2908655.227976851,"[-0.008436894333371026, 0.056757289151768725, 0.5683398819116301, -0.0015339807878856412, -0.007669903939428206, 0.49573210768220616]","[0.0, 0.15339807878856412, 0.0, 0.0, 0.0, 0.0]","[0.022814, 0.0, 0.433466, 0.0, 0.022814, 0.022814]"
STATE_MOTOR,2928715.3290351853,"[-0.008436894333371026, 0.059825250727540004, 0.5683398819116301, -0.0015339807878856412, -0.007669903939428206, 0.49573210768220616]","[-0.07669903939428206, 0.23009711818284617, 0.0, 0.0, 0.0, 0.0]","[0.022814, 0.0, 0.365024, 0.0, 0.022814, 0.022814]"
STATE_MOTOR,2948780.8969570324,"[-0.008436894333371026, 0.06289321230331128, 0.5683398819116301, -0.0015339807878856412, -0.007669903939428206, 0.49573210768220616]","[0.0, 0.15339807878856412, 0.0, 0.0, 0.0, 0.0]","[0.022814, 0.022814, 0.433466, 0.0, 0.022814, 0.022814]"
STATE_MOTOR,2968843.722017482,"[-0.008436894333371026, 0.06442719309119693, 0.5683398819116301, -0.0015339807878856412, -0.007669903939428206, 0.49573210768220616]","[0.0, 0.07669903939428206, 0.0, 0.0, 0.0, 0.0]","[0.022814, 0.0, 0.34221, 0.0, 0.0, 0.022814]"
STATE_MOTOR,2988906.0149434954,"[-0.008436894333371026, 0.06442719309119693, 0.5683398819116301, -0.0015339807878856412, -0.007669903939428206, 0.49573210768220616]","[0.0, 0.07669903939428206, 0.0, 0.0, 0.0, 0.0]","[0.022814, 0.022814, 0.319396, 0.0, 0.0, 0.022814]"
STATE_MOTOR,3008972.735959105,"[-0.008436894333371026, 0.0674951546669682, 0.5683398819116301, -0.0015339807878856412, -0.007669903939428206, 0.49573210768220616]","[0.0, 0.0, 0.0, 0.0, 0.0, 0.0]","[0.022814, 0.0, 0.410652, 0.0, 0.022814, 0.022814]"
STATE_MOTOR,3029066.6959481314,"[-0.006902913545485385, 0.06902913545485385, 0.5683398819116301, -0.0015339807878856412, -0.007669903939428206, 0.49573210768220616]","[0.0, 0.15339807878856412, 0.0, 0.0, 0.0, 0.0]","[0.022814, 0.022814, 0.433466, 0.0, 0.022814, 0.022814]"
STATE_MOTOR,3049126.275931485,"[-0.006902913545485385, 0.06902913545485385, 0.5683398819116301, -0.0015339807878856412, -0.007669903939428206, 0.49573210768220616]","[0.07669903939428206, 0.07669903939428206, 0.0, 0.0, 0.0, 0.0]","[0.0, 0.0, 0.319396, 0.0, 0.0, 0.022814]"
STATE_MOTOR,3069185.4149335995,"[-0.006902913545485385, 0.07056311624273949, 0.5683398819116301, -0.0015339807878856412, -0.007669903939428206, 0.49573210768220616]","[0.0, 0.0, 0.0, 0.0, 0.0, 0.0]","[0.022814, 0.0, 0.319396, 0.0, 0.022814, 0.022814]"
STATE_MOTOR,3089242.6209757105,"[-0.006902913545485385, 0.07056311624273949, 0.5683398819116301, -0.0015339807878856412, -0.007669903939428206, 0.49573210768220616]","[0.0, 0.07669903939428206, 0.0, 0.0, 0.0, 0.0]","[0.022814, 0.0, 0.365024, 0.0, 0.0, 0.022814]"
STATE_MOTOR,3109303.1319323927,"[-0.006902913545485385, 0.07363107781851078, 0.5683398819116301, -0.0015339807878856412, -0.007669903939428206, 0.49573210768220616]","[0.0, 0.07669903939428206, 0.0, 0.0, 0.0, 0.0]","[0.0, 0.0, 0.365024, 0.0, 0.022814, 0.0]"
STATE_MOTOR,3129361.280007288,"[-0.006902913545485385, 0.07669903939428206, 0.5683398819116301, -0.0015339807878856412, -0.007669903939428206, 0.49573210768220616]","[0.0, 0.15339807878856412, 0.0, 0.0, 0.0, 0.0]","[0.0, 0.0, 0.45628, 0.0, 0.022814, 0.022814]"
