type,timestamp,positions,velocities,torques
STATE_MOTOR,5.868962034583092,"[-0.008436894333371026, 0.007669903939428206, 0.5821457090026008, -0.0015339807878856412, -0.01227184630308513, 0.49770190413657256]","[0.0, 0.0, 0.0, 0.0, 0.0, 0.0]","[0.0, 0.0, 0.524722, 0.0, 0.022814, 0.0]"
STATE_MOTOR,20079.083973541856,"[-0.008436894333371026, 0.007669903939428206, 0.5821457090026008, -0.0015339807878856412, -0.01227184630308513, 0.49770190413657256]","[0.0, 0.0, 0.0, 0.0, 0.0, 0.0]","[0.022814, 0.0, 0.57035, 0.0, 0.022814, 0.0]"
STATE_MOTOR,40139.6689703688,"[-0.008436894333371026, 0.007669903939428206, 0.5821457090026008, -0.0015339807878856412, -0.01227184630308513, 0.49770190413657256]","[0.0, 0.0, 0.0, 0.0, 0.0, 0.0]","[0.022814, 0.0, 0.501908, 0.0, 0.022814, 0.0]"
STATE_MOTOR,60199.47398453951,"[-0.008436894333371026, 0.007669903939428206, 0.5821457090026008, -0.0015339807878856412, -0.01227184630308513, 0.49770190413657256]","[0.0, 0.0, 0.0, 0.0, 0.0, 0.0]","[0.0, 0.022814, 0.45628, 0.0, 0.022814, 0.022814]"
STATE_MOTOR,80256.57397229224,"[-0.008436894333371026, 0.007669903939428206, 0.5821457090026008, -0.0015339807878856412, -0.01227184630308513, 0.49770190413657256]","[0.0, 0.0, 0.0, 0.0, 0.0, 0.0]","[0.022814, 0.0, 0.433466, 0.0, 0.022814, 0.022814]"
STATE_MOTOR,100327.65497453511,"[-0.008436894333371026, 0.007669903939428206, 0.5821457090026008, -0.0015339807878856412, -0.01227184630308513, 0.49770190413657256]","[0.0, 0.0, 0.0, 0.0, 0.0, 0.0]","[0.022814, 0.022814, 0.479094, 0.0, 0.022814, 0.0]"
STATE_MOTOR,120387.82995659858,"[-0.008436894333371026, 0.007669903939428206, 0.5821457090026008, -0.0015339807878856412, -0.01227184630308513, 0.49770190413657256]","[0.0, 0.0, 0.0, 0.0, 0.0, 0.0]","[0.022814, 0.0, 0.45628, 0.0, 0.0, 0.0]"
STATE_MOTOR,140450.47899708152,"[-0.008436894333371026, 0.007669903939428206, 0.5821457090026008, -0.0015339807878856412, -0.01227184630308513, 0.49770190413657256]","[0.0, 0.0, 0.0, 0.0, 0.0, 0.0]","[0.022814, 0.0, 0.479094, 0.0, 0.022814, 0.0]"
STATE_MOTOR,160510.31299866736,"[-0.008436894333371026, 0.007669903939428206, 0.5821457090026008, -0.0015339807878856412, -0.01227184630308513, 0.49770190413657256]","[0.0, 0.0, 0.0, 0.0, 0.0, 0.0]","[0.022814, 0.022814, 0.57035, 0.0, 0.022814, 0.0]"
STATE_MOTOR,180569.36701759696,"[-0.008436894333371026, 0.007669903939428206, 0.5821457090026008, -0.0015339807878856412, -0.01227184630308513, 0.49770190413657256]","[0.0, 0.0, 0.0, 0.0, 0.0, 0.0]","[0.022814, 0.0, 0.45628, 0.0, 0.022814, 0.0]"
STATE_MOTOR,200631.03397842497,"[-0.008436894333371026, 0.007669903939428206, 0.5821457090026008, -0.0015339807878856412, -0.01227184630308513, 0.49770190413657256]","[0.0, 0.0, 0.0, 0.0, 0.0, 0.0]","[0.022814, 0.0, 0.57035, 0.0, 0.022814, 0.0]"
STATE_MOTOR,220699.4709558785,"[-0.008436894333371026, 0.007669903939428206, 0.5821457090026008, -0.0015339807878856412, -0.01227184630308513, 0.49770190413657256]","[0.0, 0.0, 0.0, 0.0, 0.0, 0.0]","[0.022814, 0.022814, 0.547536, 0.0, 0.022814, 0.0]"
STATE_MOTOR,240760.07690746337,"[-0.008436894333371026, 0.007669903939428206, 0.5821457090026008, -0.0015339807878856412, -0.01227184630308513, 0.49770190413657256]","[0.0, 0.0, 0.0, 0.0, 0.0, 0.0]","[0.022814, 0.0, 0.45628, 0.0, 0.022814, 0.022814]"
STATE_MOTOR,260819.47097554803,"[-0.008436894333371026, 0.007669903939428206, 0.5821457090026008, -0.0015339807878856412, -0.01227184630308513, 0.49770190413657256]","[0.0, 0.0, 0.0, 0.0, 0.0, 0.0]","[0.022814, 0.022814, 0.479094, 0.0, 0.022814, 0.0]"
STATE_MOTOR,280878.44396941364,"[-0.008436894333371026, 0.007669903939428206, 0.5821457090026008, -0.0015339807878856412, -0.01227184630308513, 0.49770190413657256]","[0.0, 0.0, 0.0, 0.0, 0.0, 0.0]","[0.022814, 0.0, 0.57035, 0.0, 0.022814, 0.022814]"
STATE_MOTOR,300937.7579437569,"[-0.008436894333371026, 0.007669903939428206, 0.5821457090026008, -0.0015339807878856412, -0.01227184630308513, 0.49770190413657256]","[0.0, 0.0, 0.0, 0.0, 0.0, 0.0]","[0.022814, 0.0, 0.501908, 0.0, 0.022814, 0.0]"
STATE_MOTOR,321004.7329775989,"[-0.008436894333371026, 0.007669903939428206, 0.5821457090026008, -0.0015339807878856412, -0.01227184630308513, 0.49770190413657256]","[0.0, 0.0, 0.0, 0.0, 0.0, 0.0]","[0.022814, 0.022814, 0.45628, 0.0, 0.022814, 0.0]"
STATE_MOTOR,341062.46393639594,"[-0.008436894333371026, 0.007669903939428206, 0.5821457090026008, -0.0015339807878856412, -0.01227184630308513, 0.49770190413657256]","[0.0, 0.0, 0.0, 0.0, 0.0, 0.0]","[0.022814, 0.0, 0.593164, 0.0, 0.022814, 0.0]"
STATE_MOTOR,361122.78897780925,"[-0.008436894333371026, 0.007669903939428206, 0.5821457090026008, -0.0015339807878856412, -0.01227184630308513, 0.49770190413657256]","[0.0, 0.0, 0.0, 0.0, 0.0, 0.0]","[0.0, 0.022814, 0.479094, 0.0, 0.022814, 0.022814]"
STATE_MOTOR,381185.75792759657,"[-0.008436894333371026, 0.007669903939428206, 0.5821457090026008, -0.0015339807878856412, -0.01227184630308513, 0.49770190413657256]","[0.0, 0.0, 0.0, 0.0, 0.0, 0.0]","[0.022814, 0.022814, 0.479094, 0.0, 0.022814, 0.022814]"
STATE_MOTOR,401243.0489528924,"[-0.008436894333371026, 0.007669903939428206, 0.5821457090026008, -0.0015339807878856412, -0.01227184630308513, 0.49770190413657256]","[0.0, 0.0, 0.0, 0.0, 0.0, 0.0]","[0.0, 0.0, 0.45628, 0.0, 0.022814, 0.022814]"
STATE_MOTOR,421310.77591329813,"[-0.008436894333371026, 0.007669903939428206, 0.5821457090026008, -0.0015339807878856412, -0.01227184630308513, 0.49770190413657256]","[0.0, 0.0, 0.0, 0.0, 0.0, 0.0]","[0.022814, 0.0, 0.45628, 0.0, 0.022814, 0.022814]"
STATE_MOTOR,441377.27993074805,"[-0.008436894333371026, 0.007669903939428206, 0.5821457090026008, -0.0015339807878856412, -0.01227184630308513, 0.49770190413657256]","[0.0, 0.0, 0.0, 0.0, 0.0, 0.0]","[0.045628, 0.0, 0.524722, 0.0, 0.022814, 0.0]"
STATE_MOTOR,461437.12394405156,"[-0.008436894333371026, 0.007669903939428206, 0.5821457090026008, -0.0015339807878856412, -0.01227184630308513, 0.49770190413657256]","[0.0, 0.0, 0.0, 0.0, 0.0, 0.0]","[0.022814, 0.0, 0.45628, 0.0, 0.022814, 0.0]"
STATE_MOTOR,481498.7719291821,"[-0.008436894333371026, 0.007669903939428206, 0.5821457090026008, -0.0015339807878856412, -0.01227184630308513, 0.49770190413657256]","[0.0, 0.0, 0.0, 0.0, 0.0, 0.0]","[0.022814, 0.022814, 0.45628, 0.0, 0.0, 0.0]"
STATE_MOTOR,501556.67297076434,"[-0.008436894333371026, 0.007669903939428206, 0.5821457090026008, -0.0015339807878856412, -0.01227184630308513, 0.49770190413657256]","[0.0, 0.0, 0.0, 0.0, 0.0, 0.0]","[0.022814, 0.0, 0.479094, 0.0, 0.022814, 0.0]"
STATE_MOTOR,521620.9850041196,"[-0.008436894333371026, 0.007669903939428206, 0.5821457090026008, -0.0015339807878856412, -0.01227184630308513, 0.49770190413657256]","[0.0, 0.0, 0.0, 0.0, 0.0, 0.0]","[0.022814, 0.0, 0.45628, 0.0, 0.022814, 0.022814]"
STATE_MOTOR,541687.4489746988,"[-0.008436894333371026, 0.007669903939428206, 0.5821457090026008, -0.0015339807878856412, -0.01227184630308513, 0.49770190413657256]","[0.0, 0.0, 0.0, 0.0, 0.0, 0.0]","[0.022814, 0.0, 0.45628, 0.0, 0.022814, 0.0]"
STATE_MOTOR,561746.401945129,"[-0.008436894333371026, 0.007669903939428206, 0.5821457090026008, -0.0015339807878856412, -0.01227184630308513, 0.49770190413657256]","[0.0, 0.0, 0.0, 0.0, 0.0, 0.0]","[0.022814, 0.0, 0.57035, 0.0, 0.022814, 0.022814]"
STATE_MOTOR,581807.9389864579,"[-0.008436894333371026, 0.007669903939428206, 0.5821457090026008, -0.0015339807878856412, -0.01227184630308513, 0.49770190413657256]","[0.0, 0.0, 0.0, 0.0, 0.0, 0.0]","[0.022814, 0.022814, 0.57035, 0.0, 0.022814, 0.0]"
STATE_MOTOR,601866.7919561267,"[-0.008436894333371026, 0.007669903939428206, 0.5821457090026008, -0.0015339807878856412, -0.01227184630308513, 0.49770190413657256]","[0.0, 0.0, 0.0, 0.0, 0.0, 0.0]","[0.022814, 0.022814, 0.45628, 0.0, 0.022814, 0.022814]"
STATE_MOTOR,621928.8799911737,"[-0.008436894333371026, 0.007669903939428206, 0.5821457090026008, -0.0015339807878856412, -0.01227184630308513, 0.49770190413657256]","[0.0, 0.0, 0.0, 0.0, 0.0, 0.0]","[0.022814, 0.0, 0.45628, 0.0, 0.022814, 0.022814]"
STATE_MOTOR,641988.55496943,"[-0.008436894333371026, 0.007669903939428206, 0.5821457090026008, -0.0015339807878856412, -0.01227184630308513, 0.49770190413657256]","[0.0, 0.0, 0.0, 0.0, 0.0, 0.0]","[0.0, 0.022814, 0.501908, 0.0, 0.045628, 0.022814]"
STATE_MOTOR,662048.3889710158,"[-0.008436894333371026, 0.007669903939428206, 0.5821457090026008, -0.0015339807878856412, -0.01227184630308513, 0.49770190413657256]","[0.0, 0.0, 0.0, 0.0, 0.0, 0.0]","[0.022814, 0.0, 0.45628, 0.0, 0.022814, 0.022814]"
STATE_MOTOR,682104.9789432436,"[-0.008436894333371026, 0.007669903939428206, 0.5821457090026008, -0.0015339807878856412, -0.01227184630308513, 0.49770190413657256]","[0.0, 0.0, 0.0, 0.0, 0.0, 0.0]","[0.022814, 0.0, 0.433466, 0.0, 0.045628, 0.0]"
STATE_MOTOR,702168.1779297069,"[-0.008436894333371026, 0.007669903939428206, 0.5821457090026008, -0.0015339807878856412, -0.01227184630308513, 0.49770190413657256]","[0.0, 0.0, 0.0, 0.0, 0.0, 0.0]","[0.0, 0.022814, 0.524722, 0.0, 0.022814, 0.022814]"
STATE_MOTOR,722232.3889145628,"[-0.008436894333371026, 0.007669903939428206, 0.5821457090026008, -0.0015339807878856412, -0.01227184630308513, 0.49770190413657256]","[0.0, 0.0, 0.0, 0.0, 0.0, 0.0]","[0.022814, 0.022814, 0.45628, 0.0, 0.022814, 0.0]"
STATE_MOTOR,742299.0439226851,"[-0.008436894333371026, 0.007669903939428206, 0.5821457090026008, -0.0015339807878856412, -0.01227184630308513, 0.49770190413657256]","[0.0, 0.0, 0.0, 0.0, 0.0, 0.0]","[0.022814, 0.0, 0.433466, 0.0, 0.022814, 0.0]"
STATE_MOTOR,762356.003979221,"[-0.008436894333371026, 0.007669903939428206, 0.5821457090026008, -0.0015339807878856412, -0.01227184630308513, 0.49770190413657256]","[0.0, 0.0, 0.0, 0.0, 0.0, 0.0]","[0.022814, 0.022814, 0.433466, 0.0, 0.022814, 0.0]"
STATE_MOTOR,782420.6659570336,"[-0.008436894333371026, 0.007669903939428206, 0.5821457090026008, -0.0015339807878856412, -0.01227184630308513, 0.49770190413657256]","[0.0, 0.0, 0.0, 0.0, 0.0, 0.0]","[0.022814, 0.0, 0.524722, 0.0, 0.022814, 0.0]"
STATE_MOTOR,802490.7159851864,"[-0.008436894333371026, 0.007669903939428206, 0.5821457090026008, -0.0015339807878856412, -0.01227184630308513, 0.49770190413657256]","[0.0, 0.0, 0.0, 0.0, 0.0, 0.0]","[0.0, 0.0, 0.45628, 0.0, 0.022814, 0.0]"
STATE_MOTOR,822554.8159098253,"[-0.008436894333371026, 0.007669903939428206, 0.5821457090026008, -0.0015339807878856412, -0.01227184630308513, 0.49770190413657256]","[0.0, 0.0, 0.0, 0.0, 0.0, 0.0]","[0.022814, 0.0, 0.547536, 0.0, 0.022814, 0.0]"
STATE_MOTOR,842619.7589142248,"[-0.008436894333371026, 0.007669903939428206, 0.5821457090026008, -0.0015339807878856412, -0.01227184630308513, 0.49770190413657256]","[0.0, 0.0, 0.0, 0.0, 0.0, 0.0]","[0.022814, 0.0, 0.524722, 0.0, 0.022814, 0.0]"
STATE_MOTOR,862677.5499433279,"[-0.008436894333371026, 0.007669903939428206, 0.5821457090026008, -0.0015339807878856412, -0.01227184630308513, 0.49770190413657256]","[0.0, 0.0, 0.0, 0.0, 0.0, 0.0]","[0.022814, 0.0, 0.45628, 0.0, 0.022814, 0.0]"
STATE_MOTOR,882734.8209451884,"[-0.008436894333371026, 0.007669903939428206, 0.5821457090026008, -0.0015339807878856412, -0.01227184630308513, 0.49770190413657256]","[0.0, 0.0, 0.0, 0.0, 0.0, 0.0]","[0.0, 0.022814, 0.45628, 0.0, 0.022814, 0.0]"
STATE_MOTOR,902798.5209831968,"[-0.008436894333371026, 0.007669903939428206, 0.5821457090026008, -0.0015339807878856412, -0.01227184630308513, 0.49770190413657256]","[0.0, 0.0, 0.0, 0.0, 0.0, 0.0]","[0.022814, 0.0, 0.524722, 0.0, 0.022814, 0.0]"
STATE_MOTOR,922861.6500040516,"[-0.008436894333371026, 0.007669903939428206, 0.5821457090026008, -0.0015339807878856412, -0.01227184630308513, 0.49770190413657256]","[0.0, 0.0, 0.0, 0.0, 0.0, 0.0]","[0.022814, 0.0, 0.57035, 0.0, 0.022814, 0.0]"
STATE_MOTOR,942927.2839333862,"[-0.008436894333371026, 0.007669903939428206, 0.5821457090026008, -0.0015339807878856412, -0.01227184630308513, 0.49770190413657256]","[0.0, 0.0, 0.0, 0.0, 0.0, 0.0]","[0.022814, 0.022814, 0.45628, 0.0, 0.022814, 0.0]"
STATE_MOTOR,962986.8579795584,"[-0.008436894333371026, 0.007669903939428206, 0.5821457090026008, -0.0015339807878856412, -0.01227184630308513, 0.49770190413657256]","[0.0, 0.0, 0.0, 0.0, 0.0, 0.0]","[0.022814, 0.0, 0.547536, 0.0, 0.0, 0.0]"
STATE_MOTOR,983046.9529842958,"[-0.008436894333371026, 0.007669903939428206, 0.5821457090026008, -0.0015339807878856412, -0.01227184630308513, 0.49770190413657256]","[0.0, 0.0, 0.0, 0.0, 0.0, 0.0]","[0.0, 0.022814, 0.57035, 0.0, 0.022814, 0.0]"
STATE_MOTOR,1003107.2379788384,"[-0.008436894333371026, 0.007669903939428206, 0.5821457090026008, -0.0015339807878856412, -0.01227184630308513, 0.49770190413657256]","[0.0, 0.0, 0.0, 0.0, 0.0, 0.0]","[0.022814, 0.022814, 0.501908, 0.0, 0.045628, 0.0]"
STATE_MOTOR,1023202.0439580083,"[-0.008436894333371026, 0.007669903939428206, 0.5821457090026008, -0.0015339807878856412, -0.01227184630308513, 0.49770190413657256]","[0.0, 0.0, 0.0, 0.0, 0.0, 0.0]","[0.022814, 0.022814, 0.479094, 0.0, 0.022814, 0.0]"
STATE_MOTOR,1043266.505934298,"[-0.008436894333371026, 0.007669903939428206, 0.5821457090026008, -0.0015339807878856412, -0.01227184630308513, 0.49770190413657256]","[0.0, 0.0, 0.0, 0.0, 0.0, 0.0]","[0.022814, 0.022814, 0.57035, 0.0, 0.022814, 0.0]"
STATE_MOTOR,1063326.9809186459,"[-0.008436894333371026, 0.007669903939428206, 0.5821457090026008, -0.0015339807878856412, -0.01227184630308513, 0.49770190413657256]","[0.0, 0.0, 0.0, 0.0, 0.0, 0.0]","[0.022814, 0.0, 0.45628, 0.0, 0.0, 0.022814]"
STATE_MOTOR,1083384.932950139,"[-0.008436894333371026, 0.007669903939428206, 0.5821457090026008, -0.0015339807878856412, -0.01227184630308513, 0.49770190413657256]","[0.0, 0.0, 0.0, 0.0, 0.0, 0.0]","[0.022814, 0.022814, 0.501908, 0.0, 0.022814, 0.0]"
STATE_MOTOR,1103449.5949279517,"[-0.008436894333371026, 0.007669903939428206, 0.5821457090026008, -0.0015339807878856412, -0.01227184630308513, 0.49770190413657256]","[0.0, 0.0, 0.0, 0.0, 0.0, 0.0]","[0.022814, 0.022814, 0.45628, 0.0, 0.022814, 0.0]"
STATE_MOTOR,1123510.2099599317,"[-0.008436894333371026, 0.007669903939428206, 0.5821457090026008, -0.0015339807878856412, -0.01227184630308513, 0.49770190413657256]","[0.0, 0.0, 0.0, 0.0, 0.0, 0.0]","[0.022814, 0.0, 0.501908, 0.0, 0.045628, 0.0]"
STATE_MOTOR,1143572.5789051503,"[-0.008436894333371026, 0.007669903939428206, 0.5821457090026008, -0.0015339807878856412, -0.01227184630308513, 0.49770190413657256]","[0.0, 0.0, 0.0, 0.0, 0.0, 0.0]","[0.0, 0.022814, 0.479094, 0.0, 0.022814, 0.0]"
STATE_MOTOR,1163631.020928733,"[-0.008436894333371026, 0.007669903939428206, 0.5821457090026008, -0.0015339807878856412, -0.01227184630308513, 0.49770190413657256]","[0.0, 0.0, 0.0, 0.0, 0.0, 0.0]","[0.0, 0.0, 0.45628, 0.0, 0.022814, 0.0]"
STATE_MOTOR,1183696.9549767673,"[-0.008436894333371026, 0.007669903939428206, 0.5821457090026008, -0.0015339807878856412, -0.01227184630308513, 0.49770190413657256]","[0.0, 0.0, 0.0, 0.0, 0.0, 0.0]","[0.022814, 0.022814, 0.45628, 0.0, 0.022814, 0.0]"
STATE_MOTOR,1203754.975926131,"[-0.008436894333371026, 0.007669903939428206, 0.5821457090026008, -0.0015339807878856412, -0.01227184630308513, 0.49770190413657256]","[0.0, 0.0, 0.0, 0.0, 0.0, 0.0]","[0.022814, 0.022814, 0.479094, 0.0, 0.045628, 0.0]"
STATE_MOTOR,1223818.01600568,"[-0.008436894333371026, 0.007669903939428206, 0.5821457090026008, -0.0015339807878856412, -0.01227184630308513, 0.49770190413657256]","[0.0, 0.0, 0.0, 0.0, 0.0, 0.0]","[0.0, 0.022814, 0.433466, 0.0, 0.022814, 0.022814]"
STATE_MOTOR,1243881.2049804255,"[-0.008436894333371026, 0.007669903939428206, 0.5821457090026008, -0.0015339807878856412, -0.01227184630308513, 0.49770190413657256]","[0.0, 0.0, 0.0, 0.0, 0.0, 0.0]","[0.022814, 0.0, 0.593164, 0.0, 0.022814, 0.0]"
STATE_MOTOR,1263948.1199439615,"[-0.008436894333371026, 0.007669903939428206, 0.5821457090026008, -0.0015339807878856412, -0.01227184630308513, 0.49770190413657256]","[0.0, 0.0, 0.0, 0.0, 0.0, 0.0]","[0.022814, 0.022814, 0.57035, 0.0, 0.022814, 0.0]"
STATE_MOTOR,1284015.9269981086,"[-0.008436894333371026, 0.007669903939428206, 0.5821457090026008, -0.0015339807878856412, -0.01227184630308513, 0.49770190413657256]","[0.0, 0.0, 0.0, 0.0, 0.0, 0.0]","[0.0, 0.0, 0.45628, 0.0, 0.022814, 0.0]"
STATE_MOTOR,1304082.500981167,"[-0.008436894333371026, 0.007669903939428206, 0.5821457090026008, -0.0015339807878856412, -0.01227184630308513, 0.49770190413657256]","[0.0, 0.0, 0.0, 0.0, 0.0, 0.0]","[0.022814, 0.0, 0.615978, 0.0, 0.022814, 0.0]"
STATE_MOTOR,1324143.8280092552,"[-0.008436894333371026, 0.007669903939428206, 0.5821457090026008, -0.0015339807878856412, -0.01227184630308513, 0.49770190413657256]","[0.0, 0.0, 0.0, 0.0, 0.0, 0.0]","[0.022814, 0.022814, 0.524722, 0.0, 0.022814, 0.0]"
STATE_MOTOR,1344201.4489555731,"[-0.008436894333371026, 0.007669903939428206, 0.5821457090026008, -0.0015339807878856412, -0.01227184630308513, 0.49770190413657256]","[0.0, 0.0, 0.0, 0.0, 0.0, 0.0]","[0.0, 0.022814, 0.433466, 0.0, 0.022814, 0.0]"
STATE_MOTOR,1364259.8419683054,"[-0.008436894333371026, 0.007669903939428206, 0.5821457090026008, -0.0015339807878856412, -0.01227184630308513, 0.49770190413657256]","[0.0, 0.0, 0.0, 0.0, 0.0, 0.0]","[0.022814, 0.022814, 0.615978, 0.0, 0.022814, 0.0]"
STATE_MOTOR,1384323.7919500098,"[-0.008436894333371026, 0.007669903939428206, 0.5821457090026008, -0.0015339807878856412, -0.01227184630308513, 0.49770190413657256]","[0.0, 0.0, 0.0, 0.0, 0.0, 0.0]","[0.022814, 0.0, 0.45628, 0.0, 0.045628, 0.0]"
STATE_MOTOR,1404384.9589070305,"[-0.008436894333371026, 0.007669903939428206, 0.5821457090026008, -0.0015339807878856412, -0.01227184630308513, 0.49770190413657256]","[0.0, 0.0, 0.0, 0.0, 0.0, 0.0]","[0.022814, 0.022814, 0.45628, 0.0, 0.022814, 0.022814]"
STATE_MOTOR,1424448.9399716258,"[-0.008436894333371026, 0.007669903939428206, 0.5821457090026008, -0.0015339807878856412, -0.01227184630308513, 0.49770190413657256]","[0.0, 0.0, 0.0, 0.0, 0.0, 0.0]","[0.0, 0.0, 0.45628, 0.0, 0.022814, 0.0]"
STATE_MOTOR,1444510.026019998,"[-0.008436894333371026, 0.007669903939428206, 0.5821457090026008, -0.0015339807878856412, -0.01227184630308513, 0.49770190413657256]","[0.0, 0.0, 0.0, 0.0, 0.0, 0.0]","[0.022814, 0.0, 0.524722, 0.0, 0.022814, 0.0]"
STATE_MOTOR,1464568.9789904281,"[-0.008436894333371026, 0.007669903939428206, 0.5821457090026008, -0.0015339807878856412, -0.01227184630308513, 0.49770190413657256]","[0.0, 0.0, 0.0, 0.0, 0.0, 0.0]","[0.022814, 0.022814, 0.524722, 0.0, 0.022814, 0.0]"
STATE_MOTOR,1484626.7909742892,"[-0.008436894333371026, 0.007669903939428206, 0.5821457090026008, -0.0015339807878856412, -0.01227184630308513, 0.49770190413657256]","[0.0, 0.0, 0.0, 0.0, 0.0, 0.0]","[0.022814, 0.022814, 0.479094, 0.0, 0.045628, 0.022814]"
STATE_MOTOR,1504687.0459336787,"[-0.008436894333371026, 0.007669903939428206, 0.5821457090026008, -0.0015339807878856412, -0.01227184630308513, 0.49770190413657256]","[0.0, 0.0, 0.0, 0.0, 0.0, 0.0]","[0.0, 0.022814, 0.501908, 0.0, 0.022814, 0.0]"
STATE_MOTOR,1524752.0679840818,"[-0.008436894333371026, 0.007669903939428206, 0.5821457090026008, -0.0015339807878856412, -0.01227184630308513, 0.49770190413657256]","[0.0, 0.0, 0.0, 0.0, 0.0, 0.0]","[0.022814, 0.022814, 0.45628, 0.0, 0.022814, 0.022814]"
STATE_MOTOR,1544809.2089500278,"[-0.008436894333371026, 0.007669903939428206, 0.5821457090026008, -0.0015339807878856412, -0.01227184630308513, 0.49770190413657256]","[0.0, 0.0, 0.0, 0.0, 0.0, 0.0]","[0.022814, 0.022814, 0.45628, 0.0, 0.022814, 0.022814]"
STATE_MOTOR,1564869.5239797235,"[-0.008436894333371026, 0.007669903939428206, 0.5821457090026008, -0.0015339807878856412, -0.01227184630308513, 0.49770190413657256]","[0.0, 0.0, 0.0, 0.0, 0.0, 0.0]","[0.022814, 0.022814, 0.547536, 0.0, 0.022814, 0.0]"
STATE_MOTOR,1584935.697959736,"[-0.008436894333371026, 0.007669903939428206, 0.5821457090026008, -0.0015339807878856412, -0.01227184630308513, 0.49770190413657256]","[0.0, 0.0, 0.0, 0.0, 0.0, 0.0]","[0.022814, 0.022814, 0.45628, 0.0, 0.022814, 0.0]"
STATE_MOTOR,1604996.0629316047,"[-0.008436894333371026, 0.007669903939428206, 0.5821457090026008, -0.0015339807878856412, -0.01227184630308513, 0.49770190413657256]","[0.0, 0.0, 0.0, 0.0, 0.0, 0.0]","[0.022814, 0.0, 0.45628, 0.0, 0.022814, 0.022814]"
STATE_MOTOR,1625016.7599646375,"[-0.008436894333371026, 0.007669903939428206, 0.5821457090026008, -0.0015339807878856412, -0.01227184630308513, 0.49770190413657256]","[0.0, 0.0, 0.0, 0.0, 0.0, 0.0]","[0.022814, 0.0, 0.547536, 0.0, 0.022814, 0.0]"
STATE_MOTOR,1645088.4819496423,"[-0.008436894333371026, 0.007669903939428206, 0.5821457090026008, -0.0015339807878856412, -0.01227184630308513, 0.49770190413657256]","[0.0, 0.0, 0.0, 0.0, 0.0, 0.0]","[0.0, 0.022814, 0.45628, 0.0, 0.0, 0.022814]"
STATE_MOTOR,1665154.3849147856,"[-0.008436894333371026, 0.007669903939428206, 0.5821457090026008, -0.0015339807878856412, -0.01227184630308513, 0.49770190413657256]","[0.0, 0.0, 0.0, 0.0, 0.0, 0.0]","[0.022814, 0.0, 0.524722, 0.0, 0.022814, 0.022814]"
STATE_MOTOR,1685220.6799667329,"[-0.008436894333371026, 0.007669903939428206, 0.5821457090026008, -0.0015339807878856412, -0.01227184630308513, 0.49770190413657256]","[0.0, 0.0, 0.0, 0.0, 0.0, 0.0]","[0.022814, 0.0, 0.57035, 0.0, 0.022814, 0.0]"
STATE_MOTOR,1705278.8719302043,"[-0.008436894333371026, 0.007669903939428206, 0.5821457090026008, -0.0015339807878856412, -0.01227184630308513, 0.49770190413657256]","[0.0, 0.0, 0.0, 0.0, 0.0, 0.0]","[0.022814, 0.022814, 0.479094, 0.0, 0.022814, 0.022814]"
STATE_MOTOR,1725339.2469137907,"[-0.008436894333371026, 0.007669903939428206, 0.5821457090026008, -0.0015339807878856412, -0.01227184630308513, 0.49770190413657256]","[0.0, 0.0, 0.0, 0.0, 0.0, 0.0]","[0.0, 0.022814, 0.45628, 0.0, 0.022814, 0.0]"
STATE_MOTOR,1745399.3019880727,"[-0.008436894333371026, 0.007669903939428206, 0.5821457090026008, -0.0015339807878856412, -0.01227184630308513, 0.49770190413657256]","[0.0, 0.0, 0.0, 0.0, 0.0, 0.0]","[0.022814, 0.0, 0.501908, 0.0, 0.022814, 0.022814]"
STATE_MOTOR,1765458.364970982,"[-0.008436894333371026, 0.007669903939428206, 0.5821457090026008, -0.0015339807878856412, -0.01227184630308513, 0.49770190413657256]","[0.0, 0.0, 0.0, 0.0, 0.0, 0.0]","[0.0, 0.0, 0.524722, 0.0, 0.022814, 0.0]"
STATE_MOTOR,1785512.4609777704,"[-0.008436894333371026, 0.007669903939428206, 0.5821457090026008, -0.0015339807878856412, -0.01227184630308513, 0.49770190413657256]","[0.0, 0.0, 0.0, 0.0, 0.0, 0.0]","[0.022814, 0.0, 0.615978, 0.0, 0.0, 0.022814]"
STATE_MOTOR,1805569.5719085634,"[-0.008436894333371026, 0.007669903939428206, 0.5821457090026008, -0.0015339807878856412, -0.01227184630308513, 0.49770190413657256]","[0.0, 0.0, 0.0, 0.0, 0.0, 0.0]","[0.022814, 0.0, 0.433466, 0.0, 0.022814, 0.0]"
STATE_MOTOR,1825635.414919816,"[-0.008436894333371026, 0.007669903939428206, 0.5821457090026008, -0.0015339807878856412, -0.01227184630308513, 0.49770190413657256]","[0.0, 0.0, 0.0, 0.0, 0.0, 0.0]","[0.022814, 0.022814, 0.433466, 0.0, 0.022814, 0.0]"
STATE_MOTOR,1845693.897921592,"[-0.008436894333371026, 0.007669903939428206, 0.5821457090026008, -0.0015339807878856412, -0.01227184630308513, 0.49770190413657256]","[0.0, 0.0, 0.0, 0.0, 0.0, 0.0]","[0.022814, 0.0, 0.45628, 0.0, 0.022814, 0.0]"
STATE_MOTOR,1865752.9909396544,"[-0.008436894333371026, 0.007669903939428206, 0.5821457090026008, -0.0015339807878856412, -0.01227184630308513, 0.49770190413657256]","[0.0, 0.0, 0.0, 0.0, 0.0, 0.0]","[0.022814, 0.0, 0.45628, 0.0, 0.022814, 0.0]"
STATE_MOTOR,1885809.9619392306,"[-0.008436894333371026, 0.007669903939428206, 0.5821457090026008, -0.0015339807878856412, -0.01227184630308513, 0.49770190413657256]","[0.0, 0.0, 0.0, 0.0, 0.0, 0.0]","[0.022814, 0.022814, 0.57035, 0.0, 0.022814, 0.0]"
STATE_MOTOR,1905867.8029105067,"[-0.008436894333371026, 0.007669903939428206, 0.5821457090026008, -0.0015339807878856412, -0.01227184630308513, 0.49770190413657256]","[0.0, 0.0, 0.0, 0.0, 0.0, 0.0]","[0.022814, 0.0, 0.433466, 0.0, 0.022814, 0.022814]"
STATE_MOTOR,1925928.2489074394,"[-0.008436894333371026, 0.007669903939428206, 0.5821457090026008, -0.0015339807878856412, -0.01227184630308513, 0.49770190413657256]","[0.0, 0.0, 0.0, 0.0, 0.0, 0.0]","[0.022814, 0.022814, 0.45628, 0.0, 0.022814, 0.0]"
STATE_MOTOR,1945992.7899297327,"[-0.008436894333371026, 0.007669903939428206, 0.5821457090026008, -0.0015339807878856412, -0.01227184630308513, 0.49770190413657256]","[0.0, 0.0, 0.0, 0.0, 0.0, 0.0]","[0.022814, 0.022814, 0.57035, 0.0, 0.022814, 0.0]"
STATE_MOTOR,1966057.6519090682,"[-0.008436894333371026, 0.007669903939428206, 0.5821457090026008, -0.0015339807878856412, -0.01227184630308513, 0.49770190413657256]","[0.0, 0.0, 0.0, 0.0, 0.0, 0.0]","[0.0, 0.022814, 0.45628, 0.0, 0.022814, 0.0]"
STATE_MOTOR,1986118.2780005038,"[-0.008436894333371026, 0.007669903939428206, 0.5821457090026008, -0.0015339807878856412, -0.01227184630308513, 0.49770190413657256]","[0.0, 0.0, 0.0, 0.0, 0.0, 0.0]","[0.022814, 0.022814, 0.547536, 0.0, 0.022814, 0.0]"
STATE_MOTOR,2006177.2509943694,"[-0.008436894333371026, 0.007669903939428206, 0.5821457090026008, -0.0015339807878856412, -0.01227184630308513, 0.49770190413657256]","[0.0, 0.0, 0.0, 0.0, 0.0, 0.0]","[0.022814, 0.0, 0.479094, 0.022814, 0.0, 0.0]"
STATE_MOTOR,2026262.964005582,"[-0.008436894333371026, 0.007669903939428206, 0.5821457090026008, -0.0015339807878856412, -0.01227184630308513, 0.49770190413657256]","[0.0, 0.0, 0.0, 0.0, 0.0, 0.0]","[0.022814, 0.0, 0.547536, 0.0, 0.022814, 0.0]"
STATE_MOTOR,2046328.207012266,"[-0.008436894333371026, 0.007669903939428206, 0.5821457090026008, -0.0015339807878856412, -0.01227184630308513, 0.49770190413657256]","[0.0, 0.0, 0.0, 0.0, 0.0, 0.0]","[0.0, 0.0, 0.501908, 0.0, 0.022814, 0.022814]"
STATE_MOTOR,2066384.70699545,"[-0.008436894333371026, 0.007669903939428206, 0.5821457090026008, -0.0015339807878856412, -0.01227184630308513, 0.49770190413657256]","[0.0, 0.0, 0.0, 0.0, 0.0, 0.0]","[0.022814, 0.0, 0.524722, 0.0, 0.022814, 0.0]"
STATE_MOTOR,2086441.9469144195,"[-0.008436894333371026, 0.007669903939428206, 0.5821457090026008, -0.0015339807878856412, -0.01227184630308513, 0.49770190413657256]","[0.0, 0.0, 0.0, 0.0, 0.0, 0.0]","[0.022814, 0.022814, 0.45628, 0.0, 0.022814, 0.0]"
STATE_MOTOR,2106498.656910844,"[-0.008436894333371026, 0.007669903939428206, 0.5821457090026008, -0.0015339807878856412, -0.01227184630308513, 0.49770190413657256]","[0.0, 0.0, 0.0, 0.0, 0.0, 0.0]","[0.022814, 0.022814, 0.45628, 0.0, 0.022814, 0.022814]"
STATE_MOTOR,2126557.8909078613,"[-0.008436894333371026, 0.007669903939428206, 0.5821457090026008, -0.0015339807878856412, -0.01227184630308513, 0.49770190413657256]","[0.0, 0.0, 0.0, 0.0, 0.0, 0.0]","[0.022814, 0.022814, 0.45628, 0.0, 0.0, 0.0]"
STATE_MOTOR,2146614.0799457207,"[-0.008436894333371026, 0.007669903939428206, 0.5821457090026008, -0.0015339807878856412, -0.01227184630308513, 0.49770190413657256]","[0.0, 0.0, 0.0, 0.0, 0.0, 0.0]","[0.022814, 0.022814, 0.593164, 0.0, 0.022814, 0.0]"
STATE_MOTOR,2166671.2699225172,"[-0.008436894333371026, 0.007669903939428206, 0.5821457090026008, -0.0015339807878856412, -0.01227184630308513, 0.49770190413657256]","[0.0, 0.0, 0.0, 0.0, 0.0, 0.0]","[0.022814, 0.022814, 0.479094, 0.0, 0.022814, 0.022814]"
STATE_MOTOR,2186727.4090182036,"[-0.008436894333371026, 0.007669903939428206, 0.5821457090026008, -0.0015339807878856412, -0.01227184630308513, 0.49770190413657256]","[0.0, 0.0, 0.0, 0.0, 0.0, 0.0]","[0.022814, 0.0, 0.433466, 0.0, 0.022814, 0.0]"
STATE_MOTOR,2206783.5989873856,"[-0.008436894333371026, 0.007669903939428206, 0.5821457090026008, -0.0015339807878856412, -0.01227184630308513, 0.49770190413657256]","[0.0, 0.0, 0.0, 0.0, 0.0, 0.0]","[0.022814, 0.0, 0.479094, 0.0, 0.022814, 0.022814]"
STATE_MOTOR,2226841.1699915305,"[-0.008436894333371026, 0.007669903939428206, 0.5821457090026008, -0.0015339807878856412, -0.01227184630308513, 0.49770190413657256]","[0.0, 0.0, 0.0, 0.0, 0.0, 0.0]","[0.022814, 0.0, 0.547536, 0.0, 0.022814, 0.0]"
STATE_MOTOR,2246897.959965281,"[-0.008436894333371026, 0.007669903939428206, 0.5821457090026008, -0.0015339807878856412, -0.01227184630308513, 0.49770190413657256]","[0.0, 0.0, 0.0, 0.0, 0.0, 0.0]","[0.022814, 0.0, 0.45628, 0.0, 0.022814, 0.022814]"
STATE_MOTOR,2266955.4509921,"[-0.008436894333371026, 0.007669903939428206, 0.5821457090026008, -0.0015339807878856412, -0.01227184630308513, 0.49770190413657256]","[0.0, 0.0, 0.0, 0.0, 0.0, 0.0]","[0.022814, 0.0, 0.615978, 0.0, 0.022814, 0.0]"
STATE_MOTOR,2287011.9099970907,"[-0.008436894333371026, 0.007669903939428206, 0.5821457090026008, -0.0015339807878856412, -0.01227184630308513, 0.49770190413657256]","[0.0, 0.0, 0.0, 0.0, 0.0, 0.0]","[0.022814, 0.0, 0.45628, 0.0, 0.022814, 0.022814]"
STATE_MOTOR,2307076.8729085103,"[-0.008436894333371026, 0.007669903939428206, 0.5821457090026008, -0.0015339807878856412, -0.01227184630308513, 0.49770190413657256]","[0.0, 0.0, 0.0, 0.0, 0.0, 0.0]","[0.022814, 0.0, 0.524722, 0.0, 0.022814, 0.022814]"
STATE_MOTOR,2327134.7240079194,"[-0.008436894333371026, 0.007669903939428206, 0.5821457090026008, -0.0015339807878856412, -0.01227184630308513, 0.49770190413657256]","[0.0, 0.0, 0.0, 0.0, 0.0, 0.0]","[0.022814, 0.0, 0.433466, 0.0, 0.022814, 0.022814]"
STATE_MOTOR,2347192.3149190843,"[-0.008436894333371026, 0.010737865515199488, 0.5821457090026008, -0.0015339807878856412, -0.01227184630308513, 0.49770190413657256]","[0.0, 0.07669903939428206, 0.0, 0.0, 0.0, 0.0]","[0.022814, 0.022814, 0.433466, 0.0, 0.022814, 0.0]"
STATE_MOTOR,2367248.4540147707,"[-0.008436894333371026, 0.01380582709097077, 0.5821457090026008, -0.0015339807878856412, -0.01227184630308513, 0.49770190413657256]","[0.0, 0.15339807878856412, 0.0, 0.0, 0.0, 0.0]","[0.022814, 0.022814, 0.593164, 0.0, 0.022814, 0.0]"
STATE_MOTOR,2387304.5329237357,"[-0.008436894333371026, 0.01380582709097077, 0.5821457090026008, -0.0015339807878856412, -0.01227184630308513, 0.49770190413657256]","[0.0, 0.07669903939428206, 0.0, 0.0, 0.0, 0.0]","[0.0, 0.0, 0.524722, 0.0, 0.022814, 0.0]"
STATE_MOTOR,2407369.5759288967,"[-0.008436894333371026, 0.015339807878856412, 0.5821457090026008, -0.0015339807878856412, -0.01227184630308513, 0.49770190413657256]","[0.0, 0.07669903939428206, 0.0, 0.0, 0.0, 0.0]","[0.022814, 0.0, 0.479094, 0.0, 0.022814, 0.0]"
STATE_MOTOR,2427428.668946959,"[-0.008436894333371026, 0.015339807878856412, 0.5821457090026008, -0.0015339807878856412, -0.01227184630308513, 0.49770190413657256]","[0.0, 0.0, 0.0, 0.0, 0.0, 0.0]","[0.0, 0.0, 0.547536, 0.0, 0.022814, 0.0]"
STATE_MOTOR,2447485.9499605373,"[-0.008436894333371026, 0.015339807878856412, 0.5821457090026008, -0.0015339807878856412, -0.01227184630308513, 0.49770190413657256]","[0.0, 0.0, 0.0, 0.0, 0.0, 0.0]","[0.0, 0.0, 0.57035, 0.0, 0.022814, 0.0]"
STATE_MOTOR,2467542.959959246,"[-0.008436894333371026, 0.015339807878856412, 0.5821457090026008, -0.0015339807878856412, -0.01227184630308513, 0.49770190413657256]","[0.0, 0.0, 0.0, 0.0, 0.0, 0.0]","[0.0, 0.0, 0.45628, 0.0, 0.022814, 0.022814]"
STATE_MOTOR,2487599.4799658656,"[-0.008436894333371026, 0.015339807878856412, 0.5821457090026008, -0.0015339807878856412, -0.01227184630308513, 0.49770190413657256]","[0.0, 0.0, 0.0, 0.0, 0.0, 0.0]","[0.022814, 0.0, 0.57035, 0.0, 0.022814, 0.0]"
STATE_MOTOR,2507662.058924325,"[-0.008436894333371026, 0.018407769454627694, 0.5806117282147152, -0.0015339807878856412, -0.01227184630308513, 0.49770190413657256]","[0.0, 0.07669903939428206, -0.07669903939428206, 0.0, 0.0, 0.0]","[0.022814, 0.0, 0.433466, 0.0, 0.022814, 0.022814]"
STATE_MOTOR,2527736.4749927074,"[-0.008436894333371026, 0.021475731030398976, 0.5806117282147152, -0.0015339807878856412, -0.01227184630308513, 0.49770190413657256]","[0.0, 0.23009711818284617, 0.0, 0.0, 0.0, 0.0]","[0.022814, 0.0, 0.524722, 0.0, 0.0, 0.022814]"
STATE_MOTOR,2547800.4059987143,"[-0.008436894333371026, 0.02454369260617026, 0.5806117282147152, -0.0015339807878856412, -0.01227184630308513, 0.49770190413657256]","[0.0, 0.15339807878856412, 0.0, 0.0, 0.0, 0.0]","[0.022814, 0.0, 0.433466, 0.0, 0.022814, 0.0]"
STATE_MOTOR,2567863.5749500245,"[-0.008436894333371026, 0.02761165418194154, 0.5821457090026008, -0.0015339807878856412, -0.01227184630308513, 0.49770190413657256]","[0.0, 0.07669903939428206, 0.07669903939428206, 0.0, 0.0, 0.0]","[0.022814, 0.0, 0.593164, 0.0, 0.022814, 0.022814]"
STATE_MOTOR,2587928.637978621,"[-0.008436894333371026, 0.02914563496982718, 0.5821457090026008, -0.0015339807878856412, -0.01227184630308513, 0.49770190413657256]","[0.0, 0.15339807878856412, 0.0, 0.0, 0.0, 0.0]","[0.022814, 0.022814, 0.479094, 0.0, 0.022814, 0.0]"
STATE_MOTOR,2607992.0169431716,"[-0.008436894333371026, 0.032213596545598466, 0.5821457090026008, -0.0015339807878856412, -0.01227184630308513, 0.49770190413657256]","[0.0, 0.15339807878856412, 0.0, 0.0, 0.0, 0.0]","[0.0, 0.022814, 0.45628, 0.0, 0.022814, 0.0]"
STATE_MOTOR,2628048.0459099635,"[-0.008436894333371026, 0.0337475773334841, 0.5821457090026008, -0.0015339807878856412, -0.01227184630308513, 0.49770190413657256]","[0.0, 0.07669903939428206, 0.0, 0.0, 0.0, 0.0]","[0.022814, 0.022814, 0.593164, 0.0, 0.045628, 0.0]"
STATE_MOTOR,2648105.176980607,"[-0.008436894333371026, 0.0337475773334841, 0.5821457090026008, -0.0015339807878856412, -0.01227184630308513, 0.49770190413657256]","[0.0, 0.0, 0.0, 0.0, 0.0, 0.0]","[0.022814, 0.0, 0.45628, 0.0, 0.022814, 0.0]"
STATE_MOTOR,2668164.700968191,"[-0.008436894333371026, 0.0337475773334841, 0.5821457090026008, -0.0015339807878856412, -0.01227184630308513, 0.49770190413657256]","[0.0, 0.0, 0.0, 0.0, 0.0, 0.0]","[0.022814, 0.022814, 0.501908, 0.0, 0.022814, 0.0]"
STATE_MOTOR,2688220.0789405033,"[-0.008436894333371026, 0.0337475773334841, 0.5821457090026008, -0.0015339807878856412, -0.01227184630308513, 0.49770190413657256]","[0.0, 0.0, 0.0, 0.0, 0.0, 0.0]","[0.022814, 0.0, 0.45628, 0.0, 0.022814, 0.0]"
STATE_MOTOR,2708276.8889376894,"[-0.008436894333371026, 0.035281558121369745, 0.5821457090026008, -0.0015339807878856412, -0.01227184630308513, 0.49770190413657256]","[0.0, 0.0, 0.0, 0.0, 0.0, 0.0]","[0.0, 0.0, 0.501908, 0.0, 0.022814, 0.022814]"
STATE_MOTOR,2728327.4999354035,"[-0.008436894333371026, 0.03834951969714103, 0.5821457090026008, -0.0015339807878856412, -0.01227184630308513, 0.49770190413657256]","[0.0, 0.07669903939428206, 0.0, 0.0, 0.0, 0.0]","[0.0, 0.0, 0.45628, 0.0, 0.022814, 0.0]"
STATE_MOTOR,2748387.0539581403,"[-0.008436894333371026, 0.04141748127291231, 0.5821457090026008, -0.0015339807878856412, -0.01227184630308513, 0.49770190413657256]","[0.0, 0.23009711818284617, 0.0, 0.0, 0.0, 0.0]","[0.022814, 0.022814, 0.433466, 0.0, 0.022814, 0.0]"
STATE_MOTOR,2768447.1289394423,"[-0.008436894333371026, 0.04295146206079795, 0.5821457090026008, -0.0015339807878856412, -0.01227184630308513, 0.49770190413657256]","[0.0, 0.07669903939428206, 0.0, 0.0, 0.0, 0.0]","[0.022814, 0.0, 0.433466, 0.0, 0.022814, 0.0]"
STATE_MOTOR,2788506.5129958093,"[-0.008436894333371026, 0.04295146206079795, 0.5821457090026008, -0.0015339807878856412, -0.01227184630308513, 0.49770190413657256]","[0.0, 0.07669903939428206, 0.0, 0.0, 0.0, 0.0]","[0.0, 0.0, 0.57035, 0.0, 0.0, 0.0]"
STATE_MOTOR,2808568.660984747,"[-0.008436894333371026, 0.044485442848683596, 0.5821457090026008, -0.0015339807878856412, -0.01227184630308513, 0.49770190413657256]","[0.0, 0.0, 0.0, 0.0, 0.0, 0.0]","[0.022814, 0.0, 0.479094, 0.0, 0.022814, 0.0]"
STATE_MOTOR,2828623.377950862,"[-0.008436894333371026, 0.04601942363656923, 0.5821457090026008, -0.0015339807878856412, -0.01227184630308513, 0.49770190413657256]","[0.0, 0.07669903939428206, 0.0, 0.0, 0.0, 0.0]","[0.022814, 0.0, 0.45628, 0.0, 0.022814, 0.0]"
STATE_MOTOR,2848689.322010614,"[-0.008436894333371026, 0.047553404424454875, 0.5821457090026008, -0.0015339807878856412, -0.01227184630308513, 0.49770190413657256]","[0.0, 0.15339807878856412, 0.0, 0.0, 0.0, 0.0]","[0.022814, 0.0, 0.547536, 0.0, 0.022814, 0.0]"
STATE_MOTOR,2868750.51795505,"[-0.008436894333371026, 0.04908738521234052, 0.5821457090026008, -0.0015339807878856412, -0.01227184630308513, 0.49770190413657256]","[0.0, 0.07669903939428206, 0.0, 0.0, 0.0, 0.0]","[0.022814, 0.0, 0.45628, 0.0, 0.022814, 0.0]"
STATE_MOTOR,2888804.9150118604,"[-0.008436894333371026, 0.052155346788111796, 0.5821457090026008, -0.0015339807878856412, -0.01227184630308513, 0.49770190413657256]","[0.0, 0.07669903939428206, 0.0, 0.0, 0.0, 0.0]","[0.0, 0.0, 0.433466, 0.0, 0.022814, 0.0]"
STATE_MOTOR,2908859.752002172,"[-0.008436894333371026, 0.05522330836388308, 0.5821457090026008, -0.0015339807878856412, -0.01227184630308513, 0.49770190413657256]","[0.0, 0.15339807878856412, 0.0, 0.0, 0.0, 0.0]","[0.022814, 0.0, 0.45628, 0.0, 0.022814, 0.0]"
STATE_MOTOR,2928918.3049695566,"[-0.008436894333371026, 0.05829126993965436, 0.5821457090026008, -0.0015339807878856412, -0.01227184630308513, 0.49770190413657256]","[0.0, 0.15339807878856412, 0.0, 0.0, 0.0, 0.0]","[0.022814, 0.0, 0.57035, 0.0, 0.022814, 0.022814]"
STATE_MOTOR,2948984.878952615,"[-0.008436894333371026, 0.06289321230331128, 0.5821457090026008, -0.0015339807878856412, -0.01227184630308513, 0.49770190413657256]","[0.0, 0.15339807878856412, 0.0, 0.0, 0.0, 0.0]","[0.0, 0.0, 0.501908, 0.0, 0.022814, 0.0]"
STATE_MOTOR,2969043.331919238,"[-0.008436894333371026, 0.06596117387908257, 0.5821457090026008, -0.0015339807878856412, -0.01227184630308513, 0.49770190413657256]","[0.0, 0.23009711818284617, 0.0, 0.0, 0.0, 0.0]","[0.022814, 0.0, 0.479094, 0.0, 0.0, 0.0]"
STATE_MOTOR,2989098.328980617,"[-0.008436894333371026, 0.06596117387908257, 0.5821457090026008, -0.0015339807878856412, -0.01227184630308513, 0.49770190413657256]","[0.0, 0.07669903939428206, 0.0, 0.0, 0.0, 0.0]","[0.022814, 0.022814, 0.45628, 0.0, 0.022814, 0.0]"
STATE_MOTOR,3009155.2489902824,"[-0.008436894333371026, 0.06596117387908257, 0.5821457090026008, -0.0015339807878856412, -0.01227184630308513, 0.49770190413657256]","[0.0, 0.0, 0.0, 0.0, 0.0, 0.0]","[0.022814, 0.0, 0.501908, 0.0, 0.022814, 0.022814]"
STATE_MOTOR,3029241.342912428,"[-0.008436894333371026, 0.0674951546669682, 0.5821457090026008, -0.0015339807878856412, -0.01227184630308513, 0.49770190413657256]","[0.0, 0.0, 0.0, 0.0, 0.0, 0.0]","[0.0, 0.0, 0.433466, 0.0, 0.022814, 0.0]"
STATE_MOTOR,3049301.7889093608,"[-0.008436894333371026, 0.07056311624273949, 0.5821457090026008, -0.0015339807878856412, -0.01227184630308513, 0.49770190413657256]","[0.0, 0.15339807878856412, 0.0, 0.0, 0.0, 0.0]","[0.022814, 0.0, 0.524722, 0.0, 0.022814, 0.0]"
STATE_MOTOR,3069359.9509540945,"[-0.008436894333371026, 0.07209709703062514, 0.5821457090026008, -0.0015339807878856412, -0.01227184630308513, 0.49770190413657256]","[0.0, 0.15339807878856412, 0.0, 0.0, 0.0, 0.0]","[0.0, 0.0, 0.45628, 0.0, 0.022814, 0.0]"
STATE_MOTOR,3089417.4720160663,"[-0.008436894333371026, 0.07363107781851078, 0.5821457090026008, -0.0015339807878856412, -0.01227184630308513, 0.49770190413657256]","[0.0, 0.07669903939428206, 0.0, 0.0, 0.0, 0.0]","[0.0, 0.0, 0.57035, 0.0, 0.022814, 0.0]"
STATE_MOTOR,3109475.3339421004,"[-0.008436894333371026, 0.07516505860639641, 0.5821457090026008, -0.0015339807878856412, -0.01227184630308513, 0.49770190413657256]","[0.0, 0.07669903939428206, 0.0, 0.0, 0.0, 0.0]","[0.022814, 0.0, 0.433466, 0.0, 0.022814, 0.0]"
STATE_MOTOR,3129535.479005426,"[-0.008436894333371026, 0.07976700097005333, 0.5821457090026008, -0.0015339807878856412, -0.01227184630308513, 0.49770190413657256]","[0.0, 0.07669903939428206, 0.0, 0.0, 0.0, 0.0]","[0.022814, 0.0, 0.45628, 0.0, 0.022814, 0.022814]"
STATE_MOTOR,3149602.5240048766,"[-0.008436894333371026, 0.08130098175793898, 0.5821457090026008, -0.0015339807878856412, -0.01227184630308513, 0.49770190413657256]","[0.0, 0.15339807878856412, 0.0, 0.0, 0.0, 0.0]","[0.0, 0.0, 0.524722, 0.0, 0.022814, 0.0]"
