type,timestamp,positions,velocities,torques
STATE_MOTOR,6.149988621473312,"[-0.009970875121256667, 0.0046019423636569235, 0.5714078434874014, -0.006135923151542565, 0.009203884727313847, 0.4970453053184504]","[0.0, 0.0, 0.0, 0.0, 0.0, 0.0]","[0.022814, 0.0, 0.410652, 0.0, 0.022814, 0.022814]"
STATE_MOTOR,20081.99307601899,"[-0.009970875121256667, 0.0046019423636569235, 0.5714078434874014, -0.006135923151542565, 0.009203884727313847, 0.4970453053184504]","[0.0, 0.0, 0.0, 0.0, 0.0, 0.0]","[0.0, 0.0, 0.479094, 0.022814, 0.022814, 0.022814]"
STATE_MOTOR,40155.161055736244,"[-0.009970875121256667, 0.0046019423636569235, 0.5714078434874014, -0.006135923151542565, 0.009203884727313847, 0.4970453053184504]","[0.0, 0.0, 0.0, 0.0, 0.0, 0.0]","[0.022814, 0.0, 0.34221, 0.022814, 0.022814, 0.022814]"
STATE_MOTOR,60216.54198411852,"[-0.009970875121256667, 0.0046019423636569235, 0.5714078434874014, -0.006135923151542565, 0.009203884727313847, 0.4970453053184504]","[0.0, 0.0, 0.0, 0.0, 0.0, 0.0]","[0.022814, 0.0, 0.387838, 0.0, 0.022814, 0.0]"
STATE_MOTOR,80273.82800355554,"[-0.009970875121256667, 0.0046019423636569235, 0.5714078434874014, -0.006135923151542565, 0.009203884727313847, 0.4970453053184504]","[0.0, 0.0, 0.0, 0.0, 0.0, 0.0]","[0.0, 0.0, 0.479094, 0.0, 0.022814, 0.0]"
STATE_MOTOR,100345.19399050623,"[-0.009970875121256667, 0.0046019423636569235, 0.5714078434874014, -0.006135923151542565, 0.009203884727313847, 0.4970453053184504]","[0.0, 0.0, 0.0, 0.0, 0.0, 0.0]","[0.022814, 0.0, 0.45628, 0.022814, 0.022814, 0.022814]"
STATE_MOTOR,120406.9460509345,"[-0.009970875121256667, 0.0046019423636569235, 0.5714078434874014, -0.006135923151542565, 0.009203884727313847, 0.4970453053184504]","[0.0, 0.0, 0.0, 0.0, 0.0, 0.0]","[0.022814, 0.0, 0.433466, 0.022814, 0.022814, 0.022814]"
STATE_MOTOR,140469.95900571346,"[-0.009970875121256667, 0.0046019423636569235, 0.5714078434874014, -0.006135923151542565, 0.009203884727313847, 0.4970453053184504]","[0.0, 0.0, 0.0, 0.0, 0.0, 0.0]","[0.022814, 0.022814, 0.410652, 0.022814, 0.0, 0.022814]"
STATE_MOTOR,160527.30404771864,"[-0.009970875121256667, 0.0046019423636569235, 0.5714078434874014, -0.006135923151542565, 0.009203884727313847, 0.4970453053184504]","[0.0, 0.0, 0.0, 0.0, 0.0, 0.0]","[0.022814, 0.0, 0.365024, 0.0, 0.022814, 0.022814]"
STATE_MOTOR,180585.69100685418,"[-0.009970875121256667, 0.0046019423636569235, 0.5714078434874014, -0.006135923151542565, 0.009203884727313847, 0.4970453053184504]","[0.0, 0.0, 0.0, 0.0, 0.0, 0.0]","[0.022814, 0.022814, 0.433466, 0.0, 0.022814, 0.022814]"
STATE_MOTOR,200643.74804496765,"[-0.009970875121256667, 0.0046019423636569235, 0.5714078434874014, -0.006135923151542565, 0.009203884727313847, 0.4970453053184504]","[0.0, 0.0, 0.0, 0.0, 0.0, 0.0]","[0.022814, 0.0, 0.365024, 0.0, 0.022814, 0.0]"
STATE_MOTOR,220706.7310810089,"[-0.009970875121256667, 0.0046019423636569235, 0.5714078434874014, -0.006135923151542565, 0.009203884727313847, 0.4970453053184504]","[0.0, 0.0, 0.0, 0.0, 0.0, 0.0]","[0.022814, 0.0, 0.410652, 0.0, 0.022814, 0.0]"
STATE_MOTOR,240767.89198443294,"[-0.009970875121256667, 0.0046019423636569235, 0.5714078434874014, -0.006135923151542565, 0.009203884727313847, 0.4970453053184504]","[0.0, 0.0, 0.0, 0.0, 0.0, 0.0]","[0.022814, 0.022814, 0.365024, 0.0, 0.022814, 0.0]"
STATE_MOTOR,260826.72004122287,"[-0.009970875121256667, 0.0046019423636569235, 0.5714078434874014, -0.006135923151542565, 0.009203884727313847, 0.4970453053184504]","[0.0, 0.0, 0.0, 0.0, 0.0, 0.0]","[0.022814, 0.0, 0.410652, 0.0, 0.0, 0.022814]"
STATE_MOTOR,280886.3479876891,"[-0.009970875121256667, 0.0046019423636569235, 0.5714078434874014, -0.006135923151542565, 0.009203884727313847, 0.4970453053184504]","[0.0, 0.0, 0.0, 0.0, 0.0, 0.0]","[0.022814, 0.0, 0.410652, 0.022814, 0.022814, 0.022814]"
STATE_MOTOR,300944.7950171307,"[-0.009970875121256667, 0.0046019423636569235, 0.5714078434874014, -0.006135923151542565, 0.009203884727313847, 0.4970453053184504]","[0.0, 0.0, 0.0, 0.0, 0.0, 0.0]","[0.022814, 0.0, 0.34221, 0.022814, 0.022814, 0.0]"
STATE_MOTOR,321006.1970166862,"[-0.009970875121256667, 0.0046019423636569235, 0.5714078434874014, -0.006135923151542565, 0.009203884727313847, 0.4970453053184504]","[0.0, 0.0, 0.0, 0.0, 0.0, 0.0]","[0.0, 0.0, 0.45628, 0.0, 0.022814, 0.022814]"
STATE_MOTOR,341066.25604908913,"[-0.009970875121256667, 0.0046019423636569235, 0.5714078434874014, -0.006135923151542565, 0.009203884727313847, 0.4970453053184504]","[0.0, 0.0, 0.0, 0.0, 0.0, 0.0]","[0.022814, 0.022814, 0.365024, 0.022814, 0.022814, 0.0]"
STATE_MOTOR,361125.5739815533,"[-0.009970875121256667, 0.0046019423636569235, 0.5714078434874014, -0.006135923151542565, 0.009203884727313847, 0.4970453053184504]","[0.0, 0.0, 0.0, 0.0, 0.0, 0.0]","[0.0, 0.0, 0.365024, 0.022814, 0.022814, 0.022814]"
STATE_MOTOR,381187.0360514149,"[-0.009970875121256667, 0.0046019423636569235, 0.5714078434874014, -0.006135923151542565, 0.009203884727313847, 0.4970453053184504]","[0.0, 0.0, 0.0, 0.0, 0.0, 0.0]","[0.022814, 0.0, 0.387838, 0.022814, 0.022814, 0.022814]"
STATE_MOTOR,401245.9230143577,"[-0.009970875121256667, 0.0046019423636569235, 0.5714078434874014, -0.006135923151542565, 0.009203884727313847, 0.4970453053184504]","[0.0, 0.0, 0.0, 0.0, 0.0, 0.0]","[0.0, 0.0, 0.34221, 0.0, 0.022814, 0.022814]"
STATE_MOTOR,421304.5199867338,"[-0.009970875121256667, 0.0046019423636569235, 0.5714078434874014, -0.006135923151542565, 0.009203884727313847, 0.4970453053184504]","[0.0, 0.0, 0.0, 0.0, 0.0, 0.0]","[0.022814, 0.0, 0.45628, 0.022814, 0.045628, 0.0]"
STATE_MOTOR,441364.5400200039,"[-0.009970875121256667, 0.0046019423636569235, 0.5714078434874014, -0.006135923151542565, 0.009203884727313847, 0.4970453053184504]","[0.0, 0.0, 0.0, 0.0, 0.0, 0.0]","[0.022814, 0.0, 0.365024, 0.022814, 0.022814, 0.0]"
STATE_MOTOR,461425.31000077724,"[-0.009970875121256667, 0.0046019423636569235, 0.5714078434874014, -0.006135923151542565, 0.009203884727313847, 0.4970453053184504]","[0.0, 0.0, 0.0, 0.0, 0.0, 0.0]","[0.022814, 0.0, 0.479094, 0.022814, 0.022814, 0.022814]"
STATE_MOTOR,481485.06903089583,"[-0.009970875121256667, 0.0046019423636569235, 0.5714078434874014, -0.006135923151542565, 0.009203884727313847, 0.4970453053184504]","[0.0, 0.0, 0.0, 0.0, 0.0, 0.0]","[0.022814, 0.0, 0.365024, 0.0, 0.022814, 0.0]"
STATE_MOTOR,501544.778002426,"[-0.009970875121256667, 0.0046019423636569235, 0.5714078434874014, -0.006135923151542565, 0.009203884727313847, 0.4970453053184504]","[0.0, 0.0, 0.0, 0.0, 0.0, 0.0]","[0.022814, 0.0, 0.365024, 0.022814, 0.0, 0.0]"
STATE_MOTOR,521603.37509121746,"[-0.009970875121256667, 0.0046019423636569235, 0.5714078434874014, -0.006135923151542565, 0.009203884727313847, 0.4970453053184504]","[0.0, 0.0, 0.0, 0.0, 0.0, 0.0]","[0.022814, 0.022814, 0.387838, 0.0, 0.022814, 0.022814]"
STATE_MOTOR,541667.991084978,"[-0.009970875121256667, 0.0046019423636569235, 0.5714078434874014, -0.006135923151542565, 0.009203884727313847, 0.4970453053184504]","[0.0, 0.0, 0.0, 0.0, 0.0, 0.0]","[0.022814, 0.0, 0.433466, 0.022814, 0.022814, 0.022814]"
STATE_MOTOR,561731.5149866045,"[-0.009970875121256667, 0.0046019423636569235, 0.5714078434874014, -0.006135923151542565, 0.009203884727313847, 0.4970453053184504]","[0.0, 0.0, 0.0, 0.0, 0.0, 0.0]","[0.022814, 0.0, 0.410652, 0.022814, 0.0, 0.0]"
STATE_MOTOR,581790.4929863289,"[-0.009970875121256667, 0.0046019423636569235, 0.5714078434874014, -0.006135923151542565, 0.009203884727313847, 0.4970453053184504]","[0.0, 0.0, 0.0, 0.0, 0.0, 0.0]","[0.022814, 0.0, 0.34221, 0.022814, 0.022814, 0.0]"
STATE_MOTOR,601848.2290674001,"[-0.009970875121256667, 0.0046019423636569235, 0.5714078434874014, -0.006135923151542565, 0.009203884727313847, 0.4970453053184504]","[0.0, 0.0, 0.0, 0.0, 0.0, 0.0]","[0.0, 0.0, 0.365024, 0.0, 0.0, 0.022814]"
STATE_MOTOR,621906.5050827339,"[-0.009970875121256667, 0.0046019423636569235, 0.5714078434874014, -0.006135923151542565, 0.009203884727313847, 0.4970453053184504]","[0.0, 0.0, 0.0, 0.0, 0.0, 0.0]","[0.022814, 0.0, 0.410652, 0.0, 0.0, 0.0]"
STATE_MOTOR,641973.9460106939,"[-0.009970875121256667, 0.0046019423636569235, 0.5714078434874014, -0.006135923151542565, 0.009203884727313847, 0.4970453053184504]","[0.0, 0.0, 0.0, 0.0, 0.0, 0.0]","[0.022814, 0.0, 0.319396, 0.022814, 0.0, 0.0]"
STATE_MOTOR,662031.4710307866,"[-0.009970875121256667, 0.0046019423636569235, 0.5714078434874014, -0.006135923151542565, 0.009203884727313847, 0.4970453053184504]","[0.0, 0.0, 0.0, 0.0, 0.0, 0.0]","[0.0, 0.0, 0.365024, 0.022814, 0.022814, 0.0]"
STATE_MOTOR,682090.9500820562,"[-0.009970875121256667, 0.0046019423636569235, 0.5714078434874014, -0.006135923151542565, 0.009203884727313847, 0.4970453053184504]","[0.0, 0.0, 0.0, 0.0, 0.0, 0.0]","[0.022814, 0.0, 0.45628, 0.022814, 0.022814, 0.0]"
STATE_MOTOR,702166.3720952347,"[-0.009970875121256667, 0.0046019423636569235, 0.5714078434874014, -0.006135923151542565, 0.009203884727313847, 0.4970453053184504]","[0.0, 0.0, 0.0, 0.0, 0.0, 0.0]","[0.022814, 0.0, 0.365024, 0.0, 0.022814, 0.022814]"
STATE_MOTOR,722224.2680145428,"[-0.009970875121256667, 0.0046019423636569235, 0.5714078434874014, -0.006135923151542565, 0.009203884727313847, 0.4970453053184504]","[0.0, 0.0, 0.0, 0.0, 0.0, 0.0]","[0.022814, 0.0, 0.365024, 0.022814, 0.022814, 0.0]"
STATE_MOTOR,742282.2640510276,"[-0.009970875121256667, 0.0046019423636569235, 0.5714078434874014, -0.006135923151542565, 0.009203884727313847, 0.4970453053184504]","[0.0, 0.0, 0.0, 0.0, 0.0, 0.0]","[0.022814, 0.0, 0.45628, 0.0, 0.022814, 0.022814]"
STATE_MOTOR,762346.3100753725,"[-0.009970875121256667, 0.0046019423636569235, 0.5714078434874014, -0.006135923151542565, 0.009203884727313847, 0.4970453053184504]","[0.0, 0.0, 0.0, 0.0, 0.0, 0.0]","[0.022814, 0.0, 0.365024, 0.0, 0.0, 0.0]"
STATE_MOTOR,782405.1170609891,"[-0.009970875121256667, 0.0046019423636569235, 0.5714078434874014, -0.006135923151542565, 0.009203884727313847, 0.4970453053184504]","[0.0, 0.0, 0.0, 0.0, 0.0, 0.0]","[0.0, 0.0, 0.365024, 0.022814, 0.022814, 0.0]"
STATE_MOTOR,802464.115084149,"[-0.009970875121256667, 0.0046019423636569235, 0.5714078434874014, -0.006135923151542565, 0.009203884727313847, 0.4970453053184504]","[0.0, 0.0, 0.0, 0.0, 0.0, 0.0]","[0.022814, 0.0, 0.34221, 0.022814, 0.022814, 0.0]"
STATE_MOTOR,822520.6190254539,"[-0.009970875121256667, 0.0046019423636569235, 0.5714078434874014, -0.006135923151542565, 0.009203884727313847, 0.4970453053184504]","[0.0, 0.0, 0.0, 0.0, 0.0, 0.0]","[0.022814, 0.0, 0.410652, 0.0, 0.0, 0.022814]"
STATE_MOTOR,842578.775016591,"[-0.009970875121256667, 0.0046019423636569235, 0.5714078434874014, -0.006135923151542565, 0.009203884727313847, 0.4970453053184504]","[0.0, 0.0, 0.0, 0.0, 0.0, 0.0]","[0.022814, 0.0, 0.433466, 0.022814, 0.022814, 0.0]"
STATE_MOTOR,862639.2850419506,"[-0.009970875121256667, 0.0046019423636569235, 0.5714078434874014, -0.006135923151542565, 0.009203884727313847, 0.4970453053184504]","[0.0, 0.0, 0.0, 0.0, 0.0, 0.0]","[0.022814, 0.022814, 0.365024, 0.022814, 0.022814, 0.0]"
STATE_MOTOR,882706.8359823897,"[-0.009970875121256667, 0.0046019423636569235, 0.5714078434874014, -0.006135923151542565, 0.009203884727313847, 0.4970453053184504]","[0.0, 0.0, 0.0, 0.0, 0.0, 0.0]","[0.022814, 0.0, 0.410652, 0.0, 0.022814, 0.0]"
STATE_MOTOR,902763.3700752631,"[-0.009970875121256667, 0.0046019423636569235, 0.5714078434874014, -0.006135923151542565, 0.009203884727313847, 0.4970453053184504]","[0.0, 0.0, 0.0, 0.0, 0.0, 0.0]","[0.022814, 0.022814, 0.479094, 0.022814, 0.022814, 0.0]"
STATE_MOTOR,922820.5450344831,"[-0.009970875121256667, 0.0046019423636569235, 0.5714078434874014, -0.006135923151542565, 0.009203884727313847, 0.4970453053184504]","[0.0, 0.0, 0.0, 0.0, 0.0, 0.0]","[0.022814, 0.0, 0.34221, 0.0, 0.0, 0.022814]"
STATE_MOTOR,942877.7600405738,"[-0.009970875121256667, 0.0046019423636569235, 0.5714078434874014, -0.006135923151542565, 0.009203884727313847, 0.4970453053184504]","[0.0, 0.0, 0.0, 0.0, 0.0, 0.0]","[0.022814, 0.022814, 0.365024, 0.022814, 0.022814, 0.022814]"
STATE_MOTOR,962939.9030236527,"[-0.009970875121256667, 0.0046019423636569235, 0.5714078434874014, -0.006135923151542565, 0.009203884727313847, 0.4970453053184504]","[0.0, 0.0, 0.0, 0.0, 0.0, 0.0]","[0.022814, 0.022814, 0.365024, 0.0, 0.0, 0.022814]"
STATE_MOTOR,983006.2120454386,"[-0.009970875121256667, 0.0046019423636569235, 0.5714078434874014, -0.006135923151542565, 0.009203884727313847, 0.4970453053184504]","[0.0, 0.0, 0.0, 0.0, 0.0, 0.0]","[0.022814, 0.022814, 0.365024, 0.0, 0.022814, 0.0]"
STATE_MOTOR,1003065.339056775,"[-0.009970875121256667, 0.0046019423636569235, 0.5714078434874014, -0.006135923151542565, 0.009203884727313847, 0.4970453053184504]","[0.0, 0.0, 0.0, 0.0, 0.0, 0.0]","[0.022814, 0.0, 0.365024, 0.0, 0.022814, 0.0]"
STATE_MOTOR,1023150.566034019,"[-0.009970875121256667, 0.0046019423636569235, 0.5714078434874014, -0.006135923151542565, 0.009203884727313847, 0.4970453053184504]","[0.0, 0.0, 0.0, 0.0, 0.0, 0.0]","[0.022814, 0.0, 0.319396, 0.0, 0.022814, 0.0]"
STATE_MOTOR,1043210.1950282231,"[-0.009970875121256667, 0.0046019423636569235, 0.5714078434874014, -0.006135923151542565, 0.009203884727313847, 0.4970453053184504]","[0.0, 0.0, 0.0, 0.0, 0.0, 0.0]","[0.022814, 0.0, 0.365024, 0.022814, 0.022814, 0.0]"
STATE_MOTOR,1063272.237079218,"[-0.009970875121256667, 0.0046019423636569235, 0.5714078434874014, -0.006135923151542565, 0.009203884727313847, 0.4970453053184504]","[0.0, 0.0, 0.0, 0.0, 0.0, 0.0]","[0.022814, 0.0, 0.365024, 0.022814, 0.0, 0.0]"
STATE_MOTOR,1083339.4969813526,"[-0.009970875121256667, 0.0046019423636569235, 0.5714078434874014, -0.006135923151542565, 0.009203884727313847, 0.4970453053184504]","[0.0, 0.0, 0.0, 0.0, 0.0, 0.0]","[0.022814, 0.022814, 0.319396, 0.022814, 0.0, 0.0]"
STATE_MOTOR,1103399.5460020378,"[-0.009970875121256667, 0.0046019423636569235, 0.5714078434874014, -0.006135923151542565, 0.009203884727313847, 0.4970453053184504]","[0.0, 0.0, 0.0, 0.0, 0.0, 0.0]","[0.022814, 0.022814, 0.365024, 0.022814, 0.022814, 0.0]"
STATE_MOTOR,1123459.4250563532,"[-0.009970875121256667, 0.0046019423636569235, 0.5714078434874014, -0.006135923151542565, 0.009203884727313847, 0.4970453053184504]","[0.0, 0.0, 0.0, 0.0, 0.0, 0.0]","[0.022814, 0.0, 0.365024, 0.022814, 0.0, 0.0]"
STATE_MOTOR,1143519.6450911462,"[-0.009970875121256667, 0.0046019423636569235, 0.5714078434874014, -0.006135923151542565, 0.009203884727313847, 0.4970453053184504]","[0.0, 0.0, 0.0, 0.0, 0.0, 0.0]","[0.022814, 0.0, 0.34221, 0.0, 0.022814, 0.0]"
STATE_MOTOR,1163588.7380689383,"[-0.009970875121256667, 0.0046019423636569235, 0.5714078434874014, -0.006135923151542565, 0.009203884727313847, 0.4970453053184504]","[0.0, 0.0, 0.0, 0.0, 0.0, 0.0]","[0.022814, 0.022814, 0.501908, 0.022814, 0.022814, 0.0]"
STATE_MOTOR,1183646.5030210093,"[-0.009970875121256667, 0.0046019423636569235, 0.5714078434874014, -0.006135923151542565, 0.009203884727313847, 0.4970453053184504]","[0.0, 0.0, 0.0, 0.0, 0.0, 0.0]","[0.022814, 0.0, 0.365024, 0.022814, 0.022814, 0.0]"
STATE_MOTOR,1203705.160995014,"[-0.009970875121256667, 0.0046019423636569235, 0.5714078434874014, -0.006135923151542565, 0.009203884727313847, 0.4970453053184504]","[0.0, 0.0, 0.0, 0.0, 0.0, 0.0]","[0.022814, 0.0, 0.387838, 0.0, 0.0, 0.0]"
STATE_MOTOR,1223766.0509999841,"[-0.009970875121256667, 0.0046019423636569235, 0.5714078434874014, -0.006135923151542565, 0.009203884727313847, 0.4970453053184504]","[0.0, 0.0, 0.0, 0.0, 0.0, 0.0]","[0.0, 0.0, 0.365024, 0.0, 0.022814, 0.0]"
STATE_MOTOR,1243825.9300542995,"[-0.009970875121256667, 0.0046019423636569235, 0.5714078434874014, -0.006135923151542565, 0.009203884727313847, 0.4970453053184504]","[0.0, 0.0, 0.0, 0.0, 0.0, 0.0]","[0.022814, 0.0, 0.479094, 0.022814, 0.022814, 0.022814]"
STATE_MOTOR,1263884.037034586,"[-0.009970875121256667, 0.0046019423636569235, 0.5714078434874014, -0.006135923151542565, 0.009203884727313847, 0.4970453053184504]","[0.0, 0.0, 0.0, 0.0, 0.0, 0.0]","[0.022814, 0.0, 0.410652, 0.0, 0.022814, 0.0]"
STATE_MOTOR,1283942.0130476356,"[-0.009970875121256667, 0.0046019423636569235, 0.5714078434874014, -0.006135923151542565, 0.009203884727313847, 0.4970453053184504]","[0.0, 0.0, 0.0, 0.0, 0.0, 0.0]","[0.022814, 0.0, 0.45628, 0.022814, 0.022814, 0.0]"
STATE_MOTOR,1304000.9510004893,"[-0.009970875121256667, 0.0046019423636569235, 0.5714078434874014, -0.006135923151542565, 0.009203884727313847, 0.4970453053184504]","[0.0, 0.0, 0.0, 0.0, 0.0, 0.0]","[0.022814, 0.0, 0.387838, 0.022814, 0.022814, 0.022814]"
STATE_MOTOR,1324061.9209827855,"[-0.009970875121256667, 0.0046019423636569235, 0.5714078434874014, -0.006135923151542565, 0.009203884727313847, 0.4970453053184504]","[0.0, 0.0, 0.0, 0.0, 0.0, 0.0]","[0.022814, 0.0, 0.501908, 0.022814, 0.022814, 0.022814]"
STATE_MOTOR,1344122.4620910361,"[-0.009970875121256667, 0.0046019423636569235, 0.5714078434874014, -0.006135923151542565, 0.009203884727313847, 0.4970453053184504]","[0.0, 0.0, 0.0, 0.0, 0.0, 0.0]","[0.022814, 0.022814, 0.365024, 0.0, 0.022814, 0.022814]"
STATE_MOTOR,1364182.3900397867,"[-0.009970875121256667, 0.0046019423636569235, 0.5714078434874014, -0.006135923151542565, 0.009203884727313847, 0.4970453053184504]","[0.0, 0.0, 0.0, 0.0, 0.0, 0.0]","[0.022814, 0.0, 0.45628, 0.022814, 0.022814, 0.0]"
STATE_MOTOR,1384244.2930908874,"[-0.009970875121256667, 0.0046019423636569235, 0.5714078434874014, -0.006135923151542565, 0.009203884727313847, 0.4970453053184504]","[0.0, 0.0, 0.0, 0.0, 0.0, 0.0]","[0.022814, 0.0, 0.501908, 0.0, 0.0, 0.0]"
STATE_MOTOR,1404301.958042197,"[-0.009970875121256667, 0.0046019423636569235, 0.5714078434874014, -0.006135923151542565, 0.009203884727313847, 0.4970453053184504]","[0.0, 0.0, 0.0, 0.0, 0.0, 0.0]","[0.0, 0.0, 0.410652, 0.022814, 0.022814, 0.0]"
STATE_MOTOR,1424361.0660778359,"[-0.009970875121256667, 0.0046019423636569235, 0.5714078434874014, -0.006135923151542565, 0.009203884727313847, 0.4970453053184504]","[0.0, 0.0, 0.0, 0.0, 0.0, 0.0]","[0.022814, 0.0, 0.34221, 0.022814, 0.022814, 0.0]"
STATE_MOTOR,1444417.480030097,"[-0.009970875121256667, 0.0046019423636569235, 0.5714078434874014, -0.006135923151542565, 0.009203884727313847, 0.4970453053184504]","[0.0, 0.0, 0.0, 0.0, 0.0, 0.0]","[0.022814, 0.022814, 0.387838, 0.022814, 0.0, 0.022814]"
STATE_MOTOR,1464480.88507168,"[-0.009970875121256667, 0.0046019423636569235, 0.5714078434874014, -0.006135923151542565, 0.009203884727313847, 0.4970453053184504]","[0.0, 0.0, 0.0, 0.0, 0.0, 0.0]","[0.022814, 0.022814, 0.387838, 0.022814, 0.022814, 0.022814]"
STATE_MOTOR,1484542.2860234976,"[-0.009970875121256667, 0.0046019423636569235, 0.5714078434874014, -0.006135923151542565, 0.009203884727313847, 0.4970453053184504]","[0.0, 0.0, 0.0, 0.0, 0.0, 0.0]","[0.022814, 0.0, 0.45628, 0.0, 0.022814, 0.0]"
STATE_MOTOR,1504601.6840497032,"[-0.009970875121256667, 0.0046019423636569235, 0.5714078434874014, -0.006135923151542565, 0.009203884727313847, 0.4970453053184504]","[0.0, 0.0, 0.0, 0.0, 0.0, 0.0]","[0.022814, 0.0, 0.365024, 0.0, 0.022814, 0.0]"
STATE_MOTOR,1524668.7040198594,"[-0.009970875121256667, 0.0046019423636569235, 0.5714078434874014, -0.006135923151542565, 0.009203884727313847, 0.4970453053184504]","[0.0, 0.0, 0.0, 0.0, 0.0, 0.0]","[0.022814, 0.0, 0.365024, 0.022814, 0.022814, 0.0]"
STATE_MOTOR,1544727.8619976714,"[-0.009970875121256667, 0.0046019423636569235, 0.5714078434874014, -0.006135923151542565, 0.009203884727313847, 0.4970453053184504]","[0.0, 0.0, 0.0, 0.0, 0.0, 0.0]","[0.022814, 0.0, 0.45628, 0.0, 0.022814, 0.022814]"
STATE_MOTOR,1564785.3270638734,"[-0.009970875121256667, 0.0046019423636569235, 0.5714078434874014, -0.006135923151542565, 0.009203884727313847, 0.4970453053184504]","[0.0, 0.0, 0.0, 0.0, 0.0, 0.0]","[0.022814, 0.0, 0.387838, 0.022814, 0.022814, 0.022814]"
STATE_MOTOR,1584845.9880799055,"[-0.009970875121256667, 0.0046019423636569235, 0.5714078434874014, -0.006135923151542565, 0.009203884727313847, 0.4970453053184504]","[0.0, 0.0, 0.0, 0.0, 0.0, 0.0]","[0.022814, 0.022814, 0.410652, 0.0, 0.022814, 0.0]"
STATE_MOTOR,1604905.887041241,"[-0.009970875121256667, 0.0046019423636569235, 0.5714078434874014, -0.006135923151542565, 0.009203884727313847, 0.4970453053184504]","[0.0, 0.0, 0.0, 0.0, 0.0, 0.0]","[0.022814, 0.0, 0.319396, 0.022814, 0.022814, 0.0]"
STATE_MOTOR,1624964.1330214217,"[-0.009970875121256667, 0.0046019423636569235, 0.5714078434874014, -0.006135923151542565, 0.009203884727313847, 0.4970453053184504]","[0.0, 0.0, 0.0, 0.0, 0.0, 0.0]","[0.022814, 0.0, 0.319396, 0.0, 0.022814, 0.0]"
STATE_MOTOR,1645032.7960774302,"[-0.009970875121256667, 0.0046019423636569235, 0.5714078434874014, -0.006135923151542565, 0.009203884727313847, 0.4970453053184504]","[0.0, 0.0, 0.0, 0.0, 0.0, 0.0]","[0.022814, 0.022814, 0.34221, 0.0, 0.022814, 0.0]"
STATE_MOTOR,1665095.3490752727,"[-0.009970875121256667, 0.0046019423636569235, 0.5714078434874014, -0.006135923151542565, 0.009203884727313847, 0.4970453053184504]","[0.0, 0.0, 0.0, 0.0, 0.0, 0.0]","[0.0, 0.0, 0.365024, 0.022814, 0.022814, 0.0]"
STATE_MOTOR,1685157.0110302418,"[-0.009970875121256667, 0.0046019423636569235, 0.5714078434874014, -0.006135923151542565, 0.009203884727313847, 0.4970453053184504]","[0.0, 0.0, 0.0, 0.0, 0.0, 0.0]","[0.0, 0.022814, 0.410652, 0.022814, 0.022814, 0.022814]"
STATE_MOTOR,1705214.3160253763,"[-0.009970875121256667, 0.0046019423636569235, 0.5714078434874014, -0.006135923151542565, 0.009203884727313847, 0.4970453053184504]","[0.0, 0.0, 0.0, 0.0, 0.0, 0.0]","[0.022814, 0.0, 0.319396, 0.022814, 0.0, 0.022814]"
STATE_MOTOR,1725270.3690901399,"[-0.009970875121256667, 0.0046019423636569235, 0.5714078434874014, -0.006135923151542565, 0.009203884727313847, 0.4970453053184504]","[0.0, 0.0, 0.0, 0.0, 0.0, 0.0]","[0.022814, 0.0, 0.365024, 0.0, 0.022814, 0.0]"
STATE_MOTOR,1745326.8930548802,"[-0.009970875121256667, 0.0046019423636569235, 0.5714078434874014, -0.006135923151542565, 0.009203884727313847, 0.4970453053184504]","[0.0, 0.0, 0.0, 0.0, 0.0, 0.0]","[0.022814, 0.0, 0.410652, 0.022814, 0.022814, 0.0]"
STATE_MOTOR,1765386.612038128,"[-0.009970875121256667, 0.0046019423636569235, 0.5714078434874014, -0.006135923151542565, 0.009203884727313847, 0.4970453053184504]","[0.0, 0.0, 0.0, 0.0, 0.0, 0.0]","[0.022814, 0.022814, 0.433466, 0.0, 0.0, 0.0]"
STATE_MOTOR,1785446.6820135713,"[-0.009970875121256667, 0.0046019423636569235, 0.5714078434874014, -0.006135923151542565, 0.009203884727313847, 0.4970453053184504]","[0.0, 0.0, 0.0, 0.0, 0.0, 0.0]","[0.022814, 0.0, 0.365024, 0.022814, 0.022814, 0.022814]"
STATE_MOTOR,1805506.3410429284,"[-0.009970875121256667, 0.0046019423636569235, 0.5714078434874014, -0.006135923151542565, 0.009203884727313847, 0.4970453053184504]","[0.0, 0.0, 0.0, 0.0, 0.0, 0.0]","[0.022814, 0.0, 0.433466, 0.022814, 0.0, 0.0]"
STATE_MOTOR,1825569.624081254,"[-0.009970875121256667, 0.0046019423636569235, 0.5714078434874014, -0.006135923151542565, 0.009203884727313847, 0.4970453053184504]","[0.0, 0.0, 0.0, 0.0, 0.0, 0.0]","[0.045628, 0.0, 0.365024, 0.0, 0.022814, 0.022814]"
STATE_MOTOR,1845628.4920684993,"[-0.009970875121256667, 0.0046019423636569235, 0.5714078434874014, -0.006135923151542565, 0.009203884727313847, 0.4970453053184504]","[0.0, 0.0, 0.0, 0.0, 0.0, 0.0]","[0.0, 0.0, 0.387838, 0.022814, 0.022814, 0.0]"
STATE_MOTOR,1865688.2410869002,"[-0.009970875121256667, 0.0046019423636569235, 0.5714078434874014, -0.006135923151542565, 0.009203884727313847, 0.4970453053184504]","[0.0, 0.0, 0.0, 0.0, 0.0, 0.0]","[0.022814, 0.0, 0.387838, 0.0, 0.0, 0.022814]"
STATE_MOTOR,1885747.158084996,"[-0.009970875121256667, 0.0046019423636569235, 0.5714078434874014, -0.006135923151542565, 0.009203884727313847, 0.4970453053184504]","[0.0, 0.0, 0.0, 0.0, 0.0, 0.0]","[0.022814, 0.0, 0.501908, 0.0, 0.022814, 0.0]"
STATE_MOTOR,1905806.677066721,"[-0.009970875121256667, 0.0046019423636569235, 0.5714078434874014, -0.006135923151542565, 0.009203884727313847, 0.4970453053184504]","[0.0, 0.0, 0.0, 0.0, 0.0, 0.0]","[0.0, 0.0, 0.387838, 0.0, 0.022814, 0.0]"
STATE_MOTOR,1925866.1760250106,"[-0.009970875121256667, 0.0046019423636569235, 0.5714078434874014, -0.006135923151542565, 0.009203884727313847, 0.4970453053184504]","[0.0, 0.0, 0.0, 0.0, 0.0, 0.0]","[0.022814, 0.0, 0.410652, 0.022814, 0.022814, 0.022814]"
STATE_MOTOR,1945920.665981248,"[-0.009970875121256667, 0.0046019423636569235, 0.5714078434874014, -0.006135923151542565, 0.009203884727313847, 0.4970453053184504]","[0.0, 0.0, 0.0, 0.0, 0.0, 0.0]","[0.0, 0.0, 0.319396, 0.022814, 0.0, 0.0]"
STATE_MOTOR,1965988.2370615378,"[-0.009970875121256667, 0.0046019423636569235, 0.5714078434874014, -0.006135923151542565, 0.009203884727313847, 0.4970453053184504]","[0.0, 0.0, 0.0, 0.0, 0.0, 0.0]","[0.022814, 0.0, 0.365024, 0.022814, 0.022814, 0.022814]"
STATE_MOTOR,1986053.2140592113,"[-0.009970875121256667, 0.0046019423636569235, 0.5714078434874014, -0.006135923151542565, 0.009203884727313847, 0.4970453053184504]","[0.0, 0.0, 0.0, 0.0, 0.0, 0.0]","[0.022814, 0.022814, 0.387838, 0.0, 0.022814, 0.022814]"
STATE_MOTOR,2006113.1130205467,"[-0.009970875121256667, 0.0046019423636569235, 0.5714078434874014, -0.006135923151542565, 0.009203884727313847, 0.4970453053184504]","[0.0, 0.0, 0.0, 0.0, 0.0, 0.0]","[0.022814, 0.022814, 0.479094, 0.022814, 0.022814, 0.0]"
STATE_MOTOR,2026198.1789954007,"[-0.009970875121256667, 0.0046019423636569235, 0.5714078434874014, -0.006135923151542565, 0.009203884727313847, 0.4970453053184504]","[0.0, 0.0, 0.0, 0.0, 0.0, 0.0]","[0.022814, 0.022814, 0.45628, 0.022814, 0.0, 0.0]"
STATE_MOTOR,2046252.75102444,"[-0.009970875121256667, 0.0046019423636569235, 0.5714078434874014, -0.006135923151542565, 0.009203884727313847, 0.4970453053184504]","[0.0, 0.0, 0.0, 0.0, 0.0, 0.0]","[0.022814, 0.0, 0.433466, 0.0, 0.022814, 0.0]"
STATE_MOTOR,2066314.232069999,"[-0.009970875121256667, 0.0046019423636569235, 0.5714078434874014, -0.006135923151542565, 0.009203884727313847, 0.4970453053184504]","[0.0, 0.0, 0.0, 0.0, 0.0, 0.0]","[0.022814, 0.022814, 0.365024, 0.0, 0.022814, 0.022814]"
STATE_MOTOR,2086373.0700220913,"[-0.009970875121256667, 0.0046019423636569235, 0.5714078434874014, -0.006135923151542565, 0.009203884727313847, 0.4970453053184504]","[0.0, 0.0, 0.0, 0.0, 0.0, 0.0]","[0.022814, 0.0, 0.387838, 0.0, 0.022814, 0.0]"
STATE_MOTOR,2106433.1689849496,"[-0.009970875121256667, 0.0046019423636569235, 0.5714078434874014, -0.006135923151542565, 0.009203884727313847, 0.4970453053184504]","[0.0, 0.0, 0.0, 0.0, 0.0, 0.0]","[0.022814, 0.0, 0.365024, 0.0, 0.022814, 0.0]"
STATE_MOTOR,2126490.955008194,"[-0.009970875121256667, 0.0046019423636569235, 0.5714078434874014, -0.006135923151542565, 0.009203884727313847, 0.4970453053184504]","[0.0, 0.0, 0.0, 0.0, 0.0, 0.0]","[0.022814, 0.0, 0.387838, 0.0, 0.0, 0.0]"
STATE_MOTOR,2146548.581076786,"[-0.009970875121256667, 0.0046019423636569235, 0.5714078434874014, -0.006135923151542565, 0.009203884727313847, 0.4970453053184504]","[0.0, 0.0, 0.0, 0.0, 0.0, 0.0]","[0.022814, 0.0, 0.433466, 0.0, 0.022814, 0.0]"
STATE_MOTOR,2166605.8060945943,"[-0.009970875121256667, 0.0046019423636569235, 0.5714078434874014, -0.006135923151542565, 0.009203884727313847, 0.4970453053184504]","[0.0, 0.0, 0.0, 0.0, 0.0, 0.0]","[0.022814, 0.022814, 0.410652, 0.0, 0.0, 0.0]"
STATE_MOTOR,2186664.7340357304,"[-0.009970875121256667, 0.0046019423636569235, 0.5714078434874014, -0.006135923151542565, 0.009203884727313847, 0.4970453053184504]","[0.0, 0.0, 0.0, 0.0, 0.0, 0.0]","[0.022814, 0.0, 0.319396, 0.0, 0.022814, 0.022814]"
STATE_MOTOR,2206724.5229845867,"[-0.009970875121256667, 0.0046019423636569235, 0.5714078434874014, -0.006135923151542565, 0.009203884727313847, 0.4970453053184504]","[0.0, 0.0, 0.0, 0.0, 0.0, 0.0]","[0.0, 0.0, 0.319396, 0.0, 0.0, 0.0]"
STATE_MOTOR,2226783.3000514656,"[-0.009970875121256667, 0.0046019423636569235, 0.5714078434874014, -0.006135923151542565, 0.009203884727313847, 0.4970453053184504]","[0.0, 0.0, 0.0, 0.0, 0.0, 0.0]","[0.0, 0.0, 0.365024, 0.0, 0.022814, 0.022814]"
STATE_MOTOR,2246839.154046029,"[-0.009970875121256667, 0.0046019423636569235, 0.5714078434874014, -0.006135923151542565, 0.009203884727313847, 0.4970453053184504]","[0.0, 0.0, 0.0, 0.0, 0.0, 0.0]","[0.022814, 0.0, 0.479094, 0.0, 0.022814, 0.022814]"
STATE_MOTOR,2266904.090065509,"[-0.009970875121256667, 0.0046019423636569235, 0.5714078434874014, -0.006135923151542565, 0.009203884727313847, 0.4970453053184504]","[0.0, 0.0, 0.0, 0.0, 0.0, 0.0]","[0.022814, 0.0, 0.387838, 0.022814, 0.0, 0.022814]"
STATE_MOTOR,2286962.5370949507,"[-0.009970875121256667, 0.0046019423636569235, 0.5714078434874014, -0.006135923151542565, 0.009203884727313847, 0.4970453053184504]","[0.0, 0.0, 0.0, 0.0, 0.0, 0.0]","[0.022814, 0.0, 0.365024, 0.0, 0.022814, 0.022814]"
STATE_MOTOR,2307022.2759852186,"[-0.009970875121256667, 0.0046019423636569235, 0.5714078434874014, -0.006135923151542565, 0.009203884727313847, 0.4970453053184504]","[0.0, 0.0, 0.0, 0.0, 0.0, 0.0]","[0.0, 0.0, 0.365024, 0.0, 0.022814, 0.0]"
STATE_MOTOR,2327081.634080969,"[-0.009970875121256667, 0.0046019423636569235, 0.5714078434874014, -0.006135923151542565, 0.009203884727313847, 0.4970453053184504]","[0.0, 0.0, 0.0, 0.0, 0.0, 0.0]","[0.022814, 0.0, 0.45628, 0.0, 0.045628, 0.0]"
STATE_MOTOR,2347140.953061171,"[-0.009970875121256667, 0.0046019423636569235, 0.5714078434874014, -0.006135923151542565, 0.009203884727313847, 0.4970453053184504]","[0.0, 0.0, 0.0, 0.0, 0.0, 0.0]","[0.022814, 0.0, 0.387838, 0.022814, 0.022814, 0.0]"
STATE_MOTOR,2367215.473088436,"[-0.009970875121256667, 0.0046019423636569235, 0.5714078434874014, -0.006135923151542565, 0.009203884727313847, 0.4970453053184504]","[0.0, 0.0, 0.0, 0.0, 0.0, 0.0]","[0.022814, 0.0, 0.319396, 0.022814, 0.022814, 0.0]"
STATE_MOTOR,2387272.999039851,"[-0.009970875121256667, 0.0046019423636569235, 0.5714078434874014, -0.006135923151542565, 0.009203884727313847, 0.4970453053184504]","[0.0, 0.0, 0.0, 0.0, 0.0, 0.0]","[0.0, 0.0, 0.365024, 0.0, 0.022814, 0.0]"
STATE_MOTOR,2407332.7380465344,"[-0.009970875121256667, 0.0046019423636569235, 0.5714078434874014, -0.006135923151542565, 0.009203884727313847, 0.4970453053184504]","[0.0, 0.0, 0.0, 0.0, 0.0, 0.0]","[0.022814, 0.0, 0.319396, 0.022814, 0.022814, 0.0]"
STATE_MOTOR,2427389.923017472,"[-0.009970875121256667, 0.0046019423636569235, 0.5714078434874014, -0.006135923151542565, 0.009203884727313847, 0.4970453053184504]","[0.0, 0.0, 0.0, 0.0, 0.0, 0.0]","[0.0, 0.0, 0.365024, 0.022814, 0.022814, 0.022814]"
STATE_MOTOR,2447455.1000166684,"[-0.009970875121256667, 0.0046019423636569235, 0.5714078434874014, -0.006135923151542565, 0.009203884727313847, 0.4970453053184504]","[0.0, 0.0, 0.0, 0.0, 0.0, 0.0]","[0.022814, 0.0, 0.433466, 0.022814, 0.022814, 0.022814]"
STATE_MOTOR,2467514.018062502,"[-0.009970875121256667, 0.0046019423636569235, 0.5714078434874014, -0.006135923151542565, 0.009203884727313847, 0.4970453053184504]","[0.0, 0.0, 0.0, 0.0, 0.0, 0.0]","[0.022814, 0.022814, 0.365024, 0.022814, 0.0, 0.0]"
STATE_MOTOR,2487572.0840645954,"[-0.009970875121256667, 0.0046019423636569235, 0.5714078434874014, -0.006135923151542565, 0.009203884727313847, 0.4970453053184504]","[0.0, 0.0, 0.0, 0.0, 0.0, 0.0]","[0.022814, 0.0, 0.387838, 0.0, 0.022814, 0.0]"
STATE_MOTOR,2507631.6230697557,"[-0.009970875121256667, 0.0046019423636569235, 0.5714078434874014, -0.006135923151542565, 0.009203884727313847, 0.4970453053184504]","[0.0, 0.0, 0.0, 0.0, 0.0, 0.0]","[0.022814, 0.0, 0.45628, 0.022814, 0.022814, 0.0]"
STATE_MOTOR,2527692.2130724415,"[-0.009970875121256667, 0.0046019423636569235, 0.5714078434874014, -0.006135923151542565, 0.009203884727313847, 0.4970453053184504]","[0.0, 0.0, 0.0, 0.0, 0.0, 0.0]","[0.045628, 0.0, 0.387838, 0.0, 0.022814, 0.0]"
STATE_MOTOR,2547758.8820504025,"[-0.009970875121256667, 0.0046019423636569235, 0.5714078434874014, -0.006135923151542565, 0.009203884727313847, 0.4970453053184504]","[0.0, 0.0, 0.0, 0.0, 0.0, 0.0]","[0.022814, 0.0, 0.410652, 0.022814, 0.022814, 0.022814]"
STATE_MOTOR,2567824.2089925334,"[-0.009970875121256667, 0.0046019423636569235, 0.5714078434874014, -0.006135923151542565, 0.009203884727313847, 0.4970453053184504]","[0.0, 0.0, 0.0, 0.0, 0.0, 0.0]","[0.022814, 0.0, 0.365024, 0.022814, 0.022814, 0.022814]"
STATE_MOTOR,2587890.6180150807,"[-0.009970875121256667, 0.0046019423636569235, 0.5714078434874014, -0.006135923151542565, 0.009203884727313847, 0.4970453053184504]","[0.0, 0.0, 0.0, 0.0, 0.0, 0.0]","[0.022814, 0.0, 0.433466, 0.0, 0.022814, 0.022814]"
STATE_MOTOR,2607949.3149882182,"[-0.009970875121256667, 0.0046019423636569235, 0.5714078434874014, -0.006135923151542565, 0.009203884727313847, 0.4970453053184504]","[0.0, 0.0, 0.0, 0.0, 0.0, 0.0]","[0.0, 0.0, 0.319396, 0.0, 0.022814, 0.0]"
STATE_MOTOR,2628008.5530597717,"[-0.009970875121256667, 0.0046019423636569235, 0.5714078434874014, -0.006135923151542565, 0.009203884727313847, 0.4970453053184504]","[0.0, 0.0, 0.0, 0.0, 0.0, 0.0]","[0.022814, 0.0, 0.433466, 0.0, 0.022814, 0.0]"
STATE_MOTOR,2648067.7420040593,"[-0.009970875121256667, 0.0046019423636569235, 0.5714078434874014, -0.006135923151542565, 0.009203884727313847, 0.4970453053184504]","[0.0, 0.0, 0.0, 0.0, 0.0, 0.0]","[0.022814, 0.022814, 0.410652, 0.022814, 0.022814, 0.0]"
STATE_MOTOR,2668132.6180696487,"[-0.009970875121256667, 0.0046019423636569235, 0.5714078434874014, -0.006135923151542565, 0.009203884727313847, 0.4970453053184504]","[0.0, 0.0, 0.0, 0.0, 0.0, 0.0]","[0.022814, 0.0, 0.387838, 0.022814, 0.022814, 0.0]"
STATE_MOTOR,2688193.7889847904,"[-0.009970875121256667, 0.0046019423636569235, 0.5714078434874014, -0.006135923151542565, 0.009203884727313847, 0.4970453053184504]","[0.0, 0.0, 0.0, 0.0, 0.0, 0.0]","[0.0, 0.0, 0.365024, 0.022814, 0.022814, 0.022814]"
STATE_MOTOR,2708252.9570907354,"[-0.009970875121256667, 0.0046019423636569235, 0.5714078434874014, -0.006135923151542565, 0.009203884727313847, 0.4970453053184504]","[0.0, 0.0, 0.0, 0.0, 0.0, 0.0]","[0.022814, 0.0, 0.319396, 0.0, 0.022814, 0.022814]"
STATE_MOTOR,2728291.0940703005,"[-0.009970875121256667, 0.0046019423636569235, 0.5714078434874014, -0.006135923151542565, 0.009203884727313847, 0.4970453053184504]","[0.0, 0.0, 0.0, 0.0, 0.0, 0.0]","[0.022814, 0.0, 0.365024, 0.0, 0.022814, 0.0]"
STATE_MOTOR,2748355.7700179517,"[-0.009970875121256667, 0.0046019423636569235, 0.5714078434874014, -0.006135923151542565, 0.009203884727313847, 0.4970453053184504]","[0.0, 0.0, 0.0, 0.0, 0.0, 0.0]","[0.022814, 0.0, 0.319396, 0.0, 0.022814, 0.0]"
STATE_MOTOR,2768416.320090182,"[-0.009970875121256667, 0.0046019423636569235, 0.5714078434874014, -0.006135923151542565, 0.009203884727313847, 0.4970453053184504]","[0.0, 0.0, 0.0, 0.0, 0.0, 0.0]","[0.022814, 0.0, 0.319396, 0.022814, 0.0, 0.022814]"
STATE_MOTOR,2788473.4850376844,"[-0.009970875121256667, 0.0046019423636569235, 0.5714078434874014, -0.006135923151542565, 0.009203884727313847, 0.4970453053184504]","[0.0, 0.0, 0.0, 0.0, 0.0, 0.0]","[0.022814, 0.0, 0.365024, 0.0, 0.022814, 0.022814]"
STATE_MOTOR,2808531.8420780823,"[-0.009970875121256667, 0.0046019423636569235, 0.5714078434874014, -0.006135923151542565, 0.009203884727313847, 0.4970453053184504]","[0.0, 0.0, 0.0, 0.0, 0.0, 0.0]","[0.022814, 0.022814, 0.319396, 0.022814, 0.022814, 0.0]"
STATE_MOTOR,2828588.4860670194,"[-0.009970875121256667, 0.0046019423636569235, 0.5714078434874014, -0.006135923151542565, 0.009203884727313847, 0.4970453053184504]","[0.0, 0.0, 0.0, 0.0, 0.0, 0.0]","[0.022814, 0.022814, 0.365024, 0.022814, 0.022814, 0.022814]"
STATE_MOTOR,2848646.03204187,"[-0.009970875121256667, 0.0046019423636569235, 0.5714078434874014, -0.006135923151542565, 0.009203884727313847, 0.4970453053184504]","[0.0, 0.0, 0.0, 0.0, 0.0, 0.0]","[0.022814, 0.0, 0.433466, 0.0, 0.022814, 0.022814]"
STATE_MOTOR,2868706.622044556,"[-0.009970875121256667, 0.0046019423636569235, 0.5714078434874014, -0.006135923151542565, 0.009203884727313847, 0.4970453053184504]","[0.0, 0.0, 0.0, 0.0, 0.0, 0.0]","[0.022814, 0.0, 0.365024, 0.0, 0.022814, 0.022814]"
STATE_MOTOR,2888766.191084869,"[-0.009970875121256667, 0.0046019423636569235, 0.5714078434874014, -0.006135923151542565, 0.009203884727313847, 0.4970453053184504]","[0.0, 0.0, 0.0, 0.0, 0.0, 0.0]","[0.022814, 0.0, 0.365024, 0.0, 0.0, 0.0]"
STATE_MOTOR,2908823.7860705703,"[-0.009970875121256667, 0.0046019423636569235, 0.5714078434874014, -0.006135923151542565, 0.009203884727313847, 0.4970453053184504]","[0.0, 0.0, 0.0, 0.0, 0.0, 0.0]","[0.022814, 0.0, 0.387838, 0.0, 0.022814, 0.0]"
STATE_MOTOR,2928880.140068941,"[-0.009970875121256667, 0.0046019423636569235, 0.5714078434874014, -0.006135923151542565, 0.009203884727313847, 0.4970453053184504]","[0.0, 0.0, 0.0, 0.0, 0.0, 0.0]","[0.022814, 0.0, 0.387838, 0.022814, 0.022814, 0.0]"
STATE_MOTOR,2948936.003027484,"[-0.009970875121256667, 0.0046019423636569235, 0.5714078434874014, -0.006135923151542565, 0.009203884727313847, 0.4970453053184504]","[0.0, 0.0, 0.0, 0.0, 0.0, 0.0]","[0.022814, 0.0, 0.387838, 0.022814, 0.022814, 0.0]"
STATE_MOTOR,2968996.8139864504,"[-0.009970875121256667, 0.0046019423636569235, 0.5714078434874014, -0.006135923151542565, 0.009203884727313847, 0.4970453053184504]","[0.0, 0.0, 0.0, 0.0, 0.0, 0.0]","[0.022814, 0.0, 0.365024, 0.0, 0.022814, 0.0]"
STATE_MOTOR,2989062.100998126,"[-0.009970875121256667, 0.0046019423636569235, 0.5714078434874014, -0.006135923151542565, 0.009203884727313847, 0.4970453053184504]","[0.0, 0.0, 0.0, 0.0, 0.0, 0.0]","[0.022814, 0.0, 0.365024, 0.0, 0.022814, 0.022814]"
STATE_MOTOR,3009124.504053034,"[-0.009970875121256667, 0.0046019423636569235, 0.5714078434874014, -0.006135923151542565, 0.009203884727313847, 0.4970453053184504]","[0.0, 0.0, 0.0, 0.0, 0.0, 0.0]","[0.0, 0.0, 0.45628, 0.0, 0.022814, 0.022814]"
STATE_MOTOR,3029207.3470773175,"[-0.009970875121256667, 0.0046019423636569235, 0.5714078434874014, -0.006135923151542565, 0.009203884727313847, 0.4970453053184504]","[0.0, 0.0, 0.0, 0.0, 0.0, 0.0]","[0.022814, 0.0, 0.365024, 0.0, 0.022814, 0.0]"
STATE_MOTOR,3049267.947091721,"[-0.009970875121256667, 0.0046019423636569235, 0.5714078434874014, -0.006135923151542565, 0.009203884727313847, 0.4970453053184504]","[0.0, 0.0, 0.0, 0.0, 0.0, 0.0]","[0.022814, 0.0, 0.365024, 0.022814, 0.022814, 0.022814]"
STATE_MOTOR,3069331.0010246933,"[-0.009970875121256667, 0.0046019423636569235, 0.5714078434874014, -0.006135923151542565, 0.009203884727313847, 0.4970453053184504]","[0.0, 0.0, 0.0, 0.0, 0.0, 0.0]","[0.022814, 0.0, 0.410652, 0.022814, 0.022814, 0.0]"
STATE_MOTOR,3089391.0110462457,"[-0.009970875121256667, 0.0046019423636569235, 0.5714078434874014, -0.006135923151542565, 0.009203884727313847, 0.4970453053184504]","[0.0, 0.0, 0.0, 0.0, 0.0, 0.0]","[0.022814, 0.0, 0.365024, 0.0, 0.022814, 0.0]"
STATE_MOTOR,3109450.5190849304,"[-0.009970875121256667, 0.0046019423636569235, 0.5714078434874014, -0.006135923151542565, 0.009203884727313847, 0.4970453053184504]","[0.0, 0.0, 0.0, 0.0, 0.0, 0.0]","[0.022814, 0.0, 0.479094, 0.0, 0.022814, 0.022814]"
STATE_MOTOR,3129511.2590305507,"[-0.009970875121256667, 0.0046019423636569235, 0.5714078434874014, -0.006135923151542565, 0.009203884727313847, 0.4970453053184504]","[0.0, 0.0, 0.0, 0.0, 0.0, 0.0]","[0.022814, 0.0, 0.479094, 0.0, 0.022814, 0.022814]"
STATE_MOTOR,3149578.9700420573,"[-0.009970875121256667, 0.0046019423636569235, 0.5714078434874014, -0.006135923151542565, 0.009203884727313847, 0.4970453053184504]","[0.0, 0.0, 0.0, 0.0, 0.0, 0.0]","[0.0, 0.0, 0.45628, 0.0, 0.022814, 0.022814]"
STATE_MOTOR,3169640.1910157874,"[-0.009970875121256667, 0.0046019423636569235, 0.5714078434874014, -0.006135923151542565, 0.009203884727313847, 0.4970453053184504]","[0.0, 0.0, 0.0, 0.0, 0.0, 0.0]","[0.022814, 0.0, 0.410652, 0.0, 0.022814, 0.022814]"
