type,timestamp,positions,velocities,torques
STATE_MOTOR,2.403976395726204,"[-0.009970875121256667, 0.01380582709097077, 0.572941824275287, -0.006135923151542565, -0.007669903939428206, 0.4970453053184504]","[0.0, 0.0, 0.0, 0.0, 0.0, 0.0]","[0.022814, 0.022814, 0.45628, 0.022814, 0.0, 0.022814]"
STATE_MOTOR,20097.099943086505,"[-0.009970875121256667, 0.01380582709097077, 0.572941824275287, -0.006135923151542565, -0.007669903939428206, 0.4970453053184504]","[0.0, 0.0, 0.0, 0.0, 0.0, 0.0]","[0.022814, 0.022814, 0.501908, 0.022814, 0.022814, 0.022814]"
STATE_MOTOR,40168.41191332787,"[-0.009970875121256667, 0.01380582709097077, 0.572941824275287, -0.006135923151542565, -0.007669903939428206, 0.4970453053184504]","[0.0, 0.0, 0.0, 0.0, 0.0, 0.0]","[0.022814, 0.022814, 0.501908, 0.0, 0.022814, 0.022814]"
STATE_MOTOR,60235.076933167875,"[-0.009970875121256667, 0.01380582709097077, 0.572941824275287, -0.006135923151542565, -0.007669903939428206, 0.4970453053184504]","[0.0, 0.0, 0.0, 0.0, 0.0, 0.0]","[0.022814, 0.022814, 0.410652, 0.0, 0.0, 0.022814]"
STATE_MOTOR,80297.04494401813,"[-0.009970875121256667, 0.01380582709097077, 0.572941824275287, -0.006135923151542565, -0.007669903939428206, 0.4970453053184504]","[0.0, 0.0, 0.0, 0.0, 0.0, 0.0]","[0.0, 0.022814, 0.387838, 0.022814, 0.022814, 0.0]"
STATE_MOTOR,100317.4209035933,"[-0.009970875121256667, 0.01380582709097077, 0.572941824275287, -0.006135923151542565, -0.007669903939428206, 0.4970453053184504]","[0.0, 0.0, 0.0, 0.0, 0.0, 0.0]","[0.022814, 0.022814, 0.410652, 0.0, 0.022814, 0.022814]"
STATE_MOTOR,120381.70197047293,"[-0.009970875121256667, 0.01380582709097077, 0.572941824275287, -0.006135923151542565, -0.007669903939428206, 0.4970453053184504]","[0.0, 0.0, 0.0, 0.0, 0.0, 0.0]","[0.022814, 0.022814, 0.365024, 0.022814, 0.022814, 0.022814]"
STATE_MOTOR,140453.06399930269,"[-0.009970875121256667, 0.01380582709097077, 0.572941824275287, -0.006135923151542565, -0.007669903939428206, 0.4970453053184504]","[0.0, 0.0, 0.0, 0.0, 0.0, 0.0]","[0.022814, 0.022814, 0.387838, 0.0, 0.022814, 0.022814]"
STATE_MOTOR,160517.83598959446,"[-0.009970875121256667, 0.01380582709097077, 0.572941824275287, -0.006135923151542565, -0.007669903939428206, 0.4970453053184504]","[0.0, 0.0, 0.0, 0.0, 0.0, 0.0]","[0.022814, 0.022814, 0.387838, 0.0, 0.022814, 0.0]"
STATE_MOTOR,180577.96091306955,"[-0.009970875121256667, 0.01380582709097077, 0.572941824275287, -0.006135923151542565, -0.007669903939428206, 0.4970453053184504]","[0.0, 0.0, 0.0, 0.0, 0.0, 0.0]","[0.022814, 0.022814, 0.501908, 0.022814, 0.022814, 0.0]"
STATE_MOTOR,200635.79292036593,"[-0.009970875121256667, 0.01380582709097077, 0.572941824275287, -0.006135923151542565, -0.007669903939428206, 0.4970453053184504]","[0.0, 0.0, 0.0, 0.0, 0.0, 0.0]","[0.022814, 0.022814, 0.387838, 0.0, 0.022814, 0.022814]"
STATE_MOTOR,220698.6719975248,"[-0.009970875121256667, 0.01380582709097077, 0.572941824275287, -0.006135923151542565, -0.007669903939428206, 0.4970453053184504]","[0.0, 0.0, 0.0, 0.0, 0.0, 0.0]","[0.022814, 0.022814, 0.524722, 0.0, 0.022814, 0.0]"
STATE_MOTOR,240758.49598739296,"[-0.009970875121256667, 0.01380582709097077, 0.572941824275287, -0.006135923151542565, -0.007669903939428206, 0.4970453053184504]","[0.0, 0.0, 0.0, 0.0, 0.0, 0.0]","[0.022814, 0.022814, 0.45628, 0.022814, 0.022814, 0.0]"
STATE_MOTOR,260818.69192421436,"[-0.009970875121256667, 0.01380582709097077, 0.572941824275287, -0.006135923151542565, -0.007669903939428206, 0.4970453053184504]","[0.0, 0.0, 0.0, 0.0, 0.0, 0.0]","[0.022814, 0.022814, 0.387838, 0.0, 0.0, 0.022814]"
STATE_MOTOR,280884.17497929186,"[-0.009970875121256667, 0.01380582709097077, 0.572941824275287, -0.006135923151542565, -0.007669903939428206, 0.4970453053184504]","[0.0, 0.0, 0.0, 0.0, 0.0, 0.0]","[0.0, 0.022814, 0.433466, 0.022814, 0.022814, 0.0]"
STATE_MOTOR,300945.4319253564,"[-0.009970875121256667, 0.01380582709097077, 0.572941824275287, -0.006135923151542565, -0.007669903939428206, 0.4970453053184504]","[0.0, 0.0, 0.0, 0.0, 0.0, 0.0]","[0.045628, 0.022814, 0.387838, 0.022814, 0.022814, 0.0]"
STATE_MOTOR,321002.17195693403,"[-0.009970875121256667, 0.01380582709097077, 0.572941824275287, -0.006135923151542565, -0.007669903939428206, 0.4970453053184504]","[0.0, 0.0, 0.0, 0.0, 0.0, 0.0]","[0.022814, 0.022814, 0.433466, 0.022814, 0.022814, 0.0]"
STATE_MOTOR,341062.9079444334,"[-0.009970875121256667, 0.01380582709097077, 0.572941824275287, -0.006135923151542565, -0.007669903939428206, 0.4970453053184504]","[0.0, 0.0, 0.0, 0.0, 0.0, 0.0]","[0.022814, 0.022814, 0.365024, 0.0, 0.0, 0.0]"
STATE_MOTOR,361126.69797148556,"[-0.009970875121256667, 0.01380582709097077, 0.572941824275287, -0.006135923151542565, -0.007669903939428206, 0.4970453053184504]","[0.0, 0.0, 0.0, 0.0, 0.0, 0.0]","[0.0, 0.022814, 0.433466, 0.022814, 0.022814, 0.0]"
STATE_MOTOR,381183.7389366701,"[-0.009970875121256667, 0.01380582709097077, 0.572941824275287, -0.006135923151542565, -0.007669903939428206, 0.4970453053184504]","[0.0, 0.0, 0.0, 0.0, 0.0, 0.0]","[0.022814, 0.022814, 0.479094, 0.022814, 0.022814, 0.022814]"
STATE_MOTOR,401244.41497027874,"[-0.009970875121256667, 0.01380582709097077, 0.572941824275287, -0.006135923151542565, -0.007669903939428206, 0.4970453053184504]","[0.0, 0.0, 0.0, 0.0, 0.0, 0.0]","[0.022814, 0.022814, 0.365024, 0.022814, 0.0, 0.022814]"
STATE_MOTOR,421312.3410008848,"[-0.009970875121256667, 0.01380582709097077, 0.572941824275287, -0.006135923151542565, -0.007669903939428206, 0.4970453053184504]","[0.0, 0.0, 0.0, 0.0, 0.0, 0.0]","[0.022814, 0.022814, 0.410652, 0.0, 0.0, 0.0]"
STATE_MOTOR,441374.01890475303,"[-0.009970875121256667, 0.01380582709097077, 0.572941824275287, -0.006135923151542565, -0.007669903939428206, 0.4970453053184504]","[0.0, 0.0, 0.0, 0.0, 0.0, 0.0]","[0.022814, 0.022814, 0.365024, 0.0, 0.0, 0.0]"
STATE_MOTOR,461438.6699395254,"[-0.009970875121256667, 0.01380582709097077, 0.572941824275287, -0.006135923151542565, -0.007669903939428206, 0.4970453053184504]","[0.0, 0.0, 0.0, 0.0, 0.0, 0.0]","[0.0, 0.022814, 0.410652, 0.022814, 0.022814, 0.022814]"
STATE_MOTOR,481500.2379473299,"[-0.009970875121256667, 0.01380582709097077, 0.572941824275287, -0.006135923151542565, -0.007669903939428206, 0.4970453053184504]","[0.0, 0.0, 0.0, 0.0, 0.0, 0.0]","[0.022814, 0.022814, 0.387838, 0.022814, 0.022814, 0.0]"
STATE_MOTOR,501560.84389891475,"[-0.009970875121256667, 0.01380582709097077, 0.572941824275287, -0.006135923151542565, -0.007669903939428206, 0.4970453053184504]","[0.0, 0.0, 0.0, 0.0, 0.0, 0.0]","[0.022814, 0.022814, 0.433466, 0.022814, 0.022814, 0.022814]"
STATE_MOTOR,521630.6229121983,"[-0.009970875121256667, 0.01380582709097077, 0.572941824275287, -0.006135923151542565, -0.007669903939428206, 0.4970453053184504]","[0.0, 0.0, 0.0, 0.0, 0.0, 0.0]","[0.022814, 0.022814, 0.501908, 0.022814, 0.022814, 0.022814]"
STATE_MOTOR,541695.9360009059,"[-0.009970875121256667, 0.01380582709097077, 0.572941824275287, -0.006135923151542565, -0.007669903939428206, 0.4970453053184504]","[0.0, 0.0, 0.0, 0.0, 0.0, 0.0]","[0.022814, 0.022814, 0.45628, 0.022814, 0.022814, 0.022814]"
STATE_MOTOR,561758.4749124944,"[-0.009970875121256667, 0.01380582709097077, 0.572941824275287, -0.006135923151542565, -0.007669903939428206, 0.4970453053184504]","[0.0, 0.0, 0.0, 0.0, 0.0, 0.0]","[0.022814, 0.022814, 0.365024, 0.022814, 0.0, 0.0]"
STATE_MOTOR,581814.2229691148,"[-0.009970875121256667, 0.01380582709097077, 0.572941824275287, -0.006135923151542565, -0.007669903939428206, 0.4970453053184504]","[0.0, 0.0, 0.0, 0.0, 0.0, 0.0]","[0.0, 0.022814, 0.387838, 0.0, 0.022814, 0.022814]"
STATE_MOTOR,601871.0739444941,"[-0.009970875121256667, 0.01380582709097077, 0.572941824275287, -0.006135923151542565, -0.007669903939428206, 0.4970453053184504]","[0.0, 0.0, 0.0, 0.0, 0.0, 0.0]","[0.022814, 0.022814, 0.45628, 0.0, 0.0, 0.022814]"
STATE_MOTOR,621941.5939413011,"[-0.009970875121256667, 0.01380582709097077, 0.572941824275287, -0.006135923151542565, -0.007669903939428206, 0.4970453053184504]","[0.0, 0.0, 0.0, 0.0, 0.0, 0.0]","[0.022814, 0.0, 0.45628, 0.022814, 0.0, 0.022814]"
STATE_MOTOR,642008.5489517078,"[-0.009970875121256667, 0.01380582709097077, 0.572941824275287, -0.006135923151542565, -0.007669903939428206, 0.4970453053184504]","[0.0, 0.0, 0.0, 0.0, 0.0, 0.0]","[0.0, 0.0, 0.45628, 0.0, 0.0, 0.022814]"
STATE_MOTOR,662067.6029706374,"[-0.009970875121256667, 0.01380582709097077, 0.572941824275287, -0.006135923151542565, -0.007669903939428206, 0.4970453053184504]","[0.0, 0.0, 0.0, 0.0, 0.0, 0.0]","[0.022814, 0.022814, 0.547536, 0.0, 0.0, 0.022814]"
STATE_MOTOR,682130.2619064227,"[-0.009970875121256667, 0.01380582709097077, 0.572941824275287, -0.006135923151542565, -0.007669903939428206, 0.4970453053184504]","[0.0, 0.0, 0.0, 0.0, 0.0, 0.0]","[0.022814, 0.0, 0.387838, 0.0, 0.022814, 0.022814]"
STATE_MOTOR,702187.962946482,"[-0.009970875121256667, 0.01380582709097077, 0.572941824275287, -0.006135923151542565, -0.007669903939428206, 0.4970453053184504]","[0.0, 0.0, 0.0, 0.0, 0.0, 0.0]","[0.022814, 0.022814, 0.45628, 0.022814, 0.022814, 0.022814]"
STATE_MOTOR,722248.4489902854,"[-0.009970875121256667, 0.01380582709097077, 0.572941824275287, -0.006135923151542565, -0.007669903939428206, 0.4970453053184504]","[0.0, 0.0, 0.0, 0.0, 0.0, 0.0]","[0.022814, 0.022814, 0.479094, 0.0, 0.022814, 0.022814]"
STATE_MOTOR,742313.5319259018,"[-0.009970875121256667, 0.01380582709097077, 0.572941824275287, -0.006135923151542565, -0.007669903939428206, 0.4970453053184504]","[0.0, 0.0, 0.0, 0.0, 0.0, 0.0]","[0.022814, 0.022814, 0.387838, 0.0, 0.022814, 0.0]"
STATE_MOTOR,762373.6669775099,"[-0.009970875121256667, 0.01380582709097077, 0.572941824275287, -0.006135923151542565, -0.007669903939428206, 0.4970453053184504]","[0.0, 0.0, 0.0, 0.0, 0.0, 0.0]","[0.022814, 0.022814, 0.387838, 0.022814, 0.022814, 0.0]"
STATE_MOTOR,782432.3299573734,"[-0.009970875121256667, 0.01380582709097077, 0.572941824275287, -0.006135923151542565, -0.007669903939428206, 0.4970453053184504]","[0.0, 0.0, 0.0, 0.0, 0.0, 0.0]","[0.022814, 0.022814, 0.387838, 0.0, 0.0, 0.0]"
STATE_MOTOR,802514.8089509457,"[-0.009970875121256667, 0.01380582709097077, 0.572941824275287, -0.006135923151542565, -0.007669903939428206, 0.4970453053184504]","[0.0, 0.0, 0.0, 0.0, 0.0, 0.0]","[0.022814, 0.022814, 0.524722, 0.0, 0.022814, 0.022814]"
STATE_MOTOR,822574.3919610977,"[-0.009970875121256667, 0.01380582709097077, 0.572941824275287, -0.006135923151542565, -0.007669903939428206, 0.4970453053184504]","[0.0, 0.0, 0.0, 0.0, 0.0, 0.0]","[0.022814, 0.022814, 0.479094, 0.022814, 0.022814, 0.0]"
STATE_MOTOR,842631.9739082828,"[-0.009970875121256667, 0.01380582709097077, 0.572941824275287, -0.006135923151542565, -0.007669903939428206, 0.4970453053184504]","[0.0, 0.0, 0.0, 0.0, 0.0, 0.0]","[0.022814, 0.022814, 0.479094, 0.0, 0.022814, 0.022814]"
STATE_MOTOR,862690.0459639728,"[-0.009970875121256667, 0.01380582709097077, 0.572941824275287, -0.006135923151542565, -0.007669903939428206, 0.4970453053184504]","[0.0, 0.0, 0.0, 0.0, 0.0, 0.0]","[0.022814, 0.022814, 0.433466, 0.022814, 0.022814, 0.022814]"
STATE_MOTOR,882753.0049020424,"[-0.009970875121256667, 0.01380582709097077, 0.572941824275287, -0.006135923151542565, -0.007669903939428206, 0.4970453053184504]","[0.0, 0.0, 0.0, 0.0, 0.0, 0.0]","[0.0, 0.022814, 0.387838, 0.022814, 0.022814, 0.0]"
STATE_MOTOR,902817.7669970319,"[-0.009970875121256667, 0.01380582709097077, 0.572941824275287, -0.006135923151542565, -0.007669903939428206, 0.4970453053184504]","[0.0, 0.0, 0.0, 0.0, 0.0, 0.0]","[0.022814, 0.022814, 0.387838, 0.0, 0.022814, 0.0]"
STATE_MOTOR,922879.3439688161,"[-0.009970875121256667, 0.01380582709097077, 0.572941824275287, -0.006135923151542565, -0.007669903939428206, 0.4970453053184504]","[0.0, 0.0, 0.0, 0.0, 0.0, 0.0]","[0.022814, 0.022814, 0.387838, 0.0, 0.0, 0.022814]"
STATE_MOTOR,942939.9200016633,"[-0.009970875121256667, 0.01380582709097077, 0.572941824275287, -0.006135923151542565, -0.007669903939428206, 0.4970453053184504]","[0.0, 0.0, 0.0, 0.0, 0.0, 0.0]","[0.022814, 0.022814, 0.365024, 0.022814, 0.0, 0.022814]"
STATE_MOTOR,962998.2329206541,"[-0.009970875121256667, 0.01380582709097077, 0.572941824275287, -0.006135923151542565, -0.007669903939428206, 0.4970453053184504]","[0.0, 0.0, 0.0, 0.0, 0.0, 0.0]","[0.0, 0.022814, 0.410652, 0.022814, 0.022814, 0.022814]"
STATE_MOTOR,983061.6828985512,"[-0.009970875121256667, 0.01380582709097077, 0.572941824275287, -0.006135923151542565, -0.007669903939428206, 0.4970453053184504]","[0.0, 0.0, 0.0, 0.0, 0.0, 0.0]","[0.022814, 0.022814, 0.365024, 0.0, 0.0, 0.022814]"
STATE_MOTOR,1003127.9869144782,"[-0.009970875121256667, 0.01380582709097077, 0.572941824275287, -0.006135923151542565, -0.007669903939428206, 0.4970453053184504]","[0.0, 0.0, 0.0, 0.0, 0.0, 0.0]","[0.022814, 0.022814, 0.387838, 0.022814, 0.0, 0.0]"
STATE_MOTOR,1023213.2599921897,"[-0.009970875121256667, 0.01380582709097077, 0.572941824275287, -0.006135923151542565, -0.007669903939428206, 0.4970453053184504]","[0.0, 0.0, 0.0, 0.0, 0.0, 0.0]","[0.022814, 0.022814, 0.387838, 0.022814, 0.0, 0.022814]"
STATE_MOTOR,1043270.950904116,"[-0.009970875121256667, 0.01380582709097077, 0.572941824275287, -0.006135923151542565, -0.007669903939428206, 0.4970453053184504]","[0.0, 0.0, 0.0, 0.0, 0.0, 0.0]","[0.022814, 0.022814, 0.45628, 0.022814, 0.022814, 0.022814]"
STATE_MOTOR,1063333.1389399245,"[-0.009970875121256667, 0.01380582709097077, 0.572941824275287, -0.006135923151542565, -0.007669903939428206, 0.4970453053184504]","[0.0, 0.0, 0.0, 0.0, 0.0, 0.0]","[0.0, 0.022814, 0.410652, 0.022814, 0.022814, 0.0]"
STATE_MOTOR,1083394.8369836435,"[-0.009970875121256667, 0.01380582709097077, 0.572941824275287, -0.006135923151542565, -0.007669903939428206, 0.4970453053184504]","[0.0, 0.0, 0.0, 0.0, 0.0, 0.0]","[0.022814, 0.0, 0.365024, 0.022814, 0.022814, 0.022814]"
STATE_MOTOR,1103450.68492461,"[-0.009970875121256667, 0.01380582709097077, 0.572941824275287, -0.006135923151542565, -0.007669903939428206, 0.4970453053184504]","[0.0, 0.0, 0.0, 0.0, 0.0, 0.0]","[0.022814, 0.0, 0.365024, 0.0, 0.0, 0.022814]"
STATE_MOTOR,1123507.9559264705,"[-0.009970875121256667, 0.01380582709097077, 0.572941824275287, -0.006135923151542565, -0.007669903939428206, 0.4970453053184504]","[0.0, 0.0, 0.0, 0.0, 0.0, 0.0]","[0.022814, 0.022814, 0.365024, 0.0, 0.022814, 0.0]"
STATE_MOTOR,1143574.8209478334,"[-0.009970875121256667, 0.01380582709097077, 0.572941824275287, -0.006135923151542565, -0.007669903939428206, 0.4970453053184504]","[0.0, 0.0, 0.0, 0.0, 0.0, 0.0]","[0.0, 0.022814, 0.479094, 0.022814, 0.022814, 0.0]"
STATE_MOTOR,1163640.8449849114,"[-0.009970875121256667, 0.01380582709097077, 0.572941824275287, -0.006135923151542565, -0.007669903939428206, 0.4970453053184504]","[0.0, 0.0, 0.0, 0.0, 0.0, 0.0]","[0.022814, 0.022814, 0.45628, 0.022814, 0.0, 0.0]"
STATE_MOTOR,1183703.553979285,"[-0.009970875121256667, 0.01380582709097077, 0.572941824275287, -0.006135923151542565, -0.007669903939428206, 0.4970453053184504]","[0.0, 0.0, 0.0, 0.0, 0.0, 0.0]","[0.022814, 0.022814, 0.387838, 0.022814, 0.0, 0.022814]"
STATE_MOTOR,1203764.8209370673,"[-0.009970875121256667, 0.01380582709097077, 0.572941824275287, -0.006135923151542565, -0.007669903939428206, 0.4970453053184504]","[0.0, 0.0, 0.0, 0.0, 0.0, 0.0]","[0.022814, 0.022814, 0.387838, 0.0, 0.022814, 0.0]"
STATE_MOTOR,1223823.5739059746,"[-0.009970875121256667, 0.01380582709097077, 0.572941824275287, -0.006135923151542565, -0.007669903939428206, 0.4970453053184504]","[0.0, 0.0, 0.0, 0.0, 0.0, 0.0]","[0.0, 0.022814, 0.410652, 0.022814, 0.0, 0.0]"
STATE_MOTOR,1243889.3179642037,"[-0.009970875121256667, 0.01380582709097077, 0.572941824275287, -0.006135923151542565, -0.007669903939428206, 0.4970453053184504]","[0.0, 0.0, 0.0, 0.0, 0.0, 0.0]","[0.022814, 0.022814, 0.524722, 0.0, 0.022814, 0.0]"
STATE_MOTOR,1263948.2609229162,"[-0.009970875121256667, 0.01380582709097077, 0.572941824275287, -0.006135923151542565, -0.007669903939428206, 0.4970453053184504]","[0.0, 0.0, 0.0, 0.0, 0.0, 0.0]","[0.022814, 0.0, 0.479094, 0.0, 0.022814, 0.022814]"
STATE_MOTOR,1284010.3489579633,"[-0.009970875121256667, 0.01380582709097077, 0.572941824275287, -0.006135923151542565, -0.007669903939428206, 0.4970453053184504]","[0.0, 0.0, 0.0, 0.0, 0.0, 0.0]","[0.022814, 0.022814, 0.387838, 0.022814, 0.0, 0.0]"
STATE_MOTOR,1304069.2718932405,"[-0.009970875121256667, 0.01380582709097077, 0.572941824275287, -0.006135923151542565, -0.007669903939428206, 0.4970453053184504]","[0.0, 0.0, 0.0, 0.0, 0.0, 0.0]","[0.022814, 0.022814, 0.387838, 0.022814, 0.0, 0.0]"
STATE_MOTOR,1324134.505004622,"[-0.009970875121256667, 0.01380582709097077, 0.572941824275287, -0.006135923151542565, -0.007669903939428206, 0.4970453053184504]","[0.0, 0.0, 0.0, 0.0, 0.0, 0.0]","[0.022814, 0.022814, 0.387838, 0.0, 0.0, 0.0]"
STATE_MOTOR,1344196.1329663172,"[-0.009970875121256667, 0.01380582709097077, 0.572941824275287, -0.006135923151542565, -0.007669903939428206, 0.4970453053184504]","[0.0, 0.0, 0.0, 0.0, 0.0, 0.0]","[0.022814, 0.022814, 0.387838, 0.022814, 0.0, 0.0]"
STATE_MOTOR,1364256.1469459906,"[-0.009970875121256667, 0.01380582709097077, 0.572941824275287, -0.006135923151542565, -0.007669903939428206, 0.4970453053184504]","[0.0, 0.0, 0.0, 0.0, 0.0, 0.0]","[0.0, 0.022814, 0.501908, 0.022814, 0.022814, 0.0]"
STATE_MOTOR,1384310.8949949965,"[-0.009970875121256667, 0.01380582709097077, 0.572941824275287, -0.006135923151542565, -0.007669903939428206, 0.4970453053184504]","[0.0, 0.0, 0.0, 0.0, 0.0, 0.0]","[0.022814, 0.022814, 0.387838, 0.022814, 0.022814, 0.0]"
STATE_MOTOR,1404369.4969732314,"[-0.009970875121256667, 0.01380582709097077, 0.572941824275287, -0.006135923151542565, -0.007669903939428206, 0.4970453053184504]","[0.0, 0.0, 0.0, 0.0, 0.0, 0.0]","[0.022814, 0.022814, 0.387838, 0.0, 0.022814, 0.022814]"
STATE_MOTOR,1424426.6279274598,"[-0.009970875121256667, 0.01380582709097077, 0.572941824275287, -0.006135923151542565, -0.007669903939428206, 0.4970453053184504]","[0.0, 0.0, 0.0, 0.0, 0.0, 0.0]","[0.022814, 0.022814, 0.524722, 0.022814, 0.022814, 0.022814]"
STATE_MOTOR,1444483.5979957134,"[-0.009970875121256667, 0.01380582709097077, 0.572941824275287, -0.006135923151542565, -0.007669903939428206, 0.4970453053184504]","[0.0, 0.0, 0.0, 0.0, 0.0, 0.0]","[0.022814, 0.022814, 0.524722, 0.0, 0.022814, 0.0]"
STATE_MOTOR,1464543.1729732081,"[-0.009970875121256667, 0.01380582709097077, 0.572941824275287, -0.006135923151542565, -0.007669903939428206, 0.4970453053184504]","[0.0, 0.0, 0.0, 0.0, 0.0, 0.0]","[0.022814, 0.022814, 0.387838, 0.0, 0.0, 0.022814]"
STATE_MOTOR,1484605.680918321,"[-0.009970875121256667, 0.01380582709097077, 0.572941824275287, -0.006135923151542565, -0.007669903939428206, 0.4970453053184504]","[0.0, 0.0, 0.0, 0.0, 0.0, 0.0]","[0.022814, 0.022814, 0.479094, 0.022814, 0.022814, 0.0]"
STATE_MOTOR,1504666.2369277328,"[-0.009970875121256667, 0.01380582709097077, 0.572941824275287, -0.006135923151542565, -0.007669903939428206, 0.4970453053184504]","[0.0, 0.0, 0.0, 0.0, 0.0, 0.0]","[0.022814, 0.022814, 0.387838, 0.0, 0.022814, 0.022814]"
STATE_MOTOR,1524722.485919483,"[-0.009970875121256667, 0.01380582709097077, 0.572941824275287, -0.006135923151542565, -0.007669903939428206, 0.4970453053184504]","[0.0, 0.0, 0.0, 0.0, 0.0, 0.0]","[0.022814, 0.022814, 0.410652, 0.0, 0.022814, 0.0]"
STATE_MOTOR,1544785.3059740737,"[-0.009970875121256667, 0.01380582709097077, 0.572941824275287, -0.006135923151542565, -0.007669903939428206, 0.4970453053184504]","[0.0, 0.0, 0.0, 0.0, 0.0, 0.0]","[0.022814, 0.022814, 0.501908, 0.0, 0.022814, 0.022814]"
STATE_MOTOR,1564843.5479961336,"[-0.009970875121256667, 0.01380582709097077, 0.572941824275287, -0.006135923151542565, -0.007669903939428206, 0.4970453053184504]","[0.0, 0.0, 0.0, 0.0, 0.0, 0.0]","[0.022814, 0.022814, 0.387838, 0.022814, 0.0, 0.0]"
STATE_MOTOR,1584903.302951716,"[-0.009970875121256667, 0.01380582709097077, 0.572941824275287, -0.006135923151542565, -0.007669903939428206, 0.4970453053184504]","[0.0, 0.0, 0.0, 0.0, 0.0, 0.0]","[0.022814, 0.022814, 0.365024, 0.022814, 0.022814, 0.022814]"
STATE_MOTOR,1604966.0108983517,"[-0.009970875121256667, 0.01380582709097077, 0.572941824275287, -0.006135923151542565, -0.007669903939428206, 0.4970453053184504]","[0.0, 0.0, 0.0, 0.0, 0.0, 0.0]","[0.022814, 0.022814, 0.387838, 0.022814, 0.022814, 0.0]"
STATE_MOTOR,1625026.186928153,"[-0.009970875121256667, 0.01380582709097077, 0.572941824275287, -0.006135923151542565, -0.007669903939428206, 0.4970453053184504]","[0.0, 0.0, 0.0, 0.0, 0.0, 0.0]","[0.045628, 0.022814, 0.524722, 0.0, 0.022814, 0.022814]"
STATE_MOTOR,1645087.5839218497,"[-0.009970875121256667, 0.01380582709097077, 0.572941824275287, -0.006135923151542565, -0.007669903939428206, 0.4970453053184504]","[0.0, 0.0, 0.0, 0.0, 0.0, 0.0]","[0.022814, 0.022814, 0.45628, 0.022814, 0.022814, 0.0]"
STATE_MOTOR,1665147.4779937416,"[-0.009970875121256667, 0.01380582709097077, 0.572941824275287, -0.006135923151542565, -0.007669903939428206, 0.4970453053184504]","[0.0, 0.0, 0.0, 0.0, 0.0, 0.0]","[0.0, 0.022814, 0.501908, 0.0, 0.0, 0.022814]"
STATE_MOTOR,1685206.531896256,"[-0.009970875121256667, 0.01380582709097077, 0.572941824275287, -0.006135923151542565, -0.007669903939428206, 0.4970453053184504]","[0.0, 0.0, 0.0, 0.0, 0.0, 0.0]","[0.0, 0.022814, 0.433466, 0.022814, 0.022814, 0.022814]"
STATE_MOTOR,1705266.6069939733,"[-0.009970875121256667, 0.01380582709097077, 0.572941824275287, -0.006135923151542565, -0.007669903939428206, 0.4970453053184504]","[0.0, 0.0, 0.0, 0.0, 0.0, 0.0]","[0.022814, 0.022814, 0.501908, 0.0, 0.022814, 0.022814]"
STATE_MOTOR,1725314.4239075482,"[-0.009970875121256667, 0.01380582709097077, 0.572941824275287, -0.006135923151542565, -0.007669903939428206, 0.4970453053184504]","[0.0, 0.0, 0.0, 0.0, 0.0, 0.0]","[0.0, 0.045628, 0.479094, 0.0, 0.022814, 0.0]"
STATE_MOTOR,1745388.689916581,"[-0.009970875121256667, 0.01380582709097077, 0.572941824275287, -0.006135923151542565, -0.007669903939428206, 0.4970453053184504]","[0.0, 0.0, 0.0, 0.0, 0.0, 0.0]","[0.022814, 0.022814, 0.433466, 0.0, 0.022814, 0.022814]"
STATE_MOTOR,1765447.2119174898,"[-0.009970875121256667, 0.01380582709097077, 0.572941824275287, -0.006135923151542565, -0.007669903939428206, 0.4970453053184504]","[0.0, 0.0, 0.0, 0.0, 0.0, 0.0]","[0.022814, 0.022814, 0.387838, 0.0, 0.0, 0.022814]"
STATE_MOTOR,1785506.0249567032,"[-0.009970875121256667, 0.01380582709097077, 0.572941824275287, -0.006135923151542565, -0.007669903939428206, 0.4970453053184504]","[0.0, 0.0, 0.0, 0.0, 0.0, 0.0]","[0.022814, 0.0, 0.387838, 0.0, 0.022814, 0.0]"
STATE_MOTOR,1805566.1609396338,"[-0.009970875121256667, 0.01380582709097077, 0.572941824275287, -0.006135923151542565, -0.007669903939428206, 0.4970453053184504]","[0.0, 0.0, 0.0, 0.0, 0.0, 0.0]","[0.022814, 0.022814, 0.410652, 0.022814, 0.022814, 0.0]"
STATE_MOTOR,1825624.4829390198,"[-0.009970875121256667, 0.01380582709097077, 0.572941824275287, -0.006135923151542565, -0.007669903939428206, 0.4970453053184504]","[0.0, 0.0, 0.0, 0.0, 0.0, 0.0]","[0.022814, 0.022814, 0.365024, 0.0, 0.022814, 0.022814]"
STATE_MOTOR,1845687.992987223,"[-0.009970875121256667, 0.01380582709097077, 0.572941824275287, -0.006135923151542565, -0.007669903939428206, 0.4970453053184504]","[0.0, 0.0, 0.0, 0.0, 0.0, 0.0]","[0.022814, 0.0, 0.387838, 0.0, 0.022814, 0.0]"
STATE_MOTOR,1865746.2149858475,"[-0.009970875121256667, 0.01380582709097077, 0.572941824275287, -0.006135923151542565, -0.007669903939428206, 0.4970453053184504]","[0.0, 0.0, 0.0, 0.0, 0.0, 0.0]","[0.022814, 0.022814, 0.479094, 0.0, 0.022814, 0.0]"
STATE_MOTOR,1885811.8389034644,"[-0.009970875121256667, 0.01380582709097077, 0.572941824275287, -0.006135923151542565, -0.007669903939428206, 0.4970453053184504]","[0.0, 0.0, 0.0, 0.0, 0.0, 0.0]","[0.022814, 0.0, 0.387838, 0.022814, 0.022814, 0.0]"
STATE_MOTOR,1905877.791927196,"[-0.009970875121256667, 0.01380582709097077, 0.572941824275287, -0.006135923151542565, -0.007669903939428206, 0.4970453053184504]","[0.0, 0.0, 0.0, 0.0, 0.0, 0.0]","[0.0, 0.022814, 0.387838, 0.0, 0.022814, 0.022814]"
STATE_MOTOR,1925942.3539042473,"[-0.009970875121256667, 0.01380582709097077, 0.572941824275287, -0.006135923151542565, -0.007669903939428206, 0.4970453053184504]","[0.0, 0.0, 0.0, 0.0, 0.0, 0.0]","[0.022814, 0.022814, 0.410652, 0.022814, 0.022814, 0.0]"
STATE_MOTOR,1946000.435971655,"[-0.009970875121256667, 0.01380582709097077, 0.572941824275287, -0.006135923151542565, -0.007669903939428206, 0.4970453053184504]","[0.0, 0.0, 0.0, 0.0, 0.0, 0.0]","[0.045628, 0.022814, 0.387838, 0.0, 0.022814, 0.0]"
STATE_MOTOR,1966060.2509975433,"[-0.009970875121256667, 0.01380582709097077, 0.572941824275287, -0.006135923151542565, -0.007669903939428206, 0.4970453053184504]","[0.0, 0.0, 0.0, 0.0, 0.0, 0.0]","[0.0, 0.022814, 0.387838, 0.0, 0.022814, 0.0]"
STATE_MOTOR,1986119.664972648,"[-0.009970875121256667, 0.01380582709097077, 0.572941824275287, -0.006135923151542565, -0.007669903939428206, 0.4970453053184504]","[0.0, 0.0, 0.0, 0.0, 0.0, 0.0]","[0.022814, 0.0, 0.387838, 0.022814, 0.0, 0.0]"
STATE_MOTOR,2006175.5639035255,"[-0.009970875121256667, 0.01380582709097077, 0.572941824275287, -0.006135923151542565, -0.007669903939428206, 0.4970453053184504]","[0.0, 0.0, 0.0, 0.0, 0.0, 0.0]","[0.022814, 0.022814, 0.433466, 0.022814, 0.0, 0.022814]"
STATE_MOTOR,2026238.702936098,"[-0.009970875121256667, 0.01380582709097077, 0.572941824275287, -0.006135923151542565, -0.007669903939428206, 0.4970453053184504]","[0.0, 0.0, 0.0, 0.0, 0.0, 0.0]","[0.022814, 0.022814, 0.524722, 0.0, 0.022814, 0.0]"
STATE_MOTOR,2046315.552899614,"[-0.009970875121256667, 0.01380582709097077, 0.572941824275287, -0.006135923151542565, -0.007669903939428206, 0.4970453053184504]","[0.0, 0.0, 0.0, 0.0, 0.0, 0.0]","[0.045628, 0.022814, 0.524722, 0.0, 0.0, 0.0]"
STATE_MOTOR,2066377.2010011598,"[-0.009970875121256667, 0.01380582709097077, 0.572941824275287, -0.006135923151542565, -0.007669903939428206, 0.4970453053184504]","[0.0, 0.0, 0.0, 0.0, 0.0, 0.0]","[0.022814, 0.0, 0.387838, 0.0, 0.022814, 0.022814]"
STATE_MOTOR,2086438.306956552,"[-0.009970875121256667, 0.01380582709097077, 0.572941824275287, -0.006135923151542565, -0.007669903939428206, 0.4970453053184504]","[0.0, 0.0, 0.0, 0.0, 0.0, 0.0]","[0.0, 0.022814, 0.433466, 0.0, 0.0, 0.022814]"
STATE_MOTOR,2106496.8499122187,"[-0.009970875121256667, 0.01380582709097077, 0.572941824275287, -0.006135923151542565, -0.007669903939428206, 0.4970453053184504]","[0.0, 0.0, 0.0, 0.0, 0.0, 0.0]","[0.022814, 0.022814, 0.501908, 0.022814, 0.022814, 0.0]"
STATE_MOTOR,2126563.564990647,"[-0.009970875121256667, 0.01380582709097077, 0.572941824275287, -0.006135923151542565, -0.007669903939428206, 0.4970453053184504]","[0.0, 0.0, 0.0, 0.0, 0.0, 0.0]","[0.022814, 0.022814, 0.547536, 0.022814, 0.022814, 0.0]"
STATE_MOTOR,2146624.9919030815,"[-0.009970875121256667, 0.01380582709097077, 0.572941824275287, -0.006135923151542565, -0.007669903939428206, 0.4970453053184504]","[0.0, 0.0, 0.0, 0.0, 0.0, 0.0]","[0.045628, 0.022814, 0.410652, 0.022814, 0.0, 0.0]"
STATE_MOTOR,2166687.0799381286,"[-0.009970875121256667, 0.01380582709097077, 0.572941824275287, -0.006135923151542565, -0.007669903939428206, 0.4970453053184504]","[0.0, 0.0, 0.0, 0.0, 0.0, 0.0]","[0.045628, 0.0, 0.433466, 0.0, 0.045628, 0.022814]"
STATE_MOTOR,2186747.5459584966,"[-0.009970875121256667, 0.01380582709097077, 0.572941824275287, -0.006135923151542565, -0.007669903939428206, 0.4970453053184504]","[0.0, 0.0, 0.0, 0.0, 0.0, 0.0]","[0.022814, 0.0, 0.387838, 0.0, 0.022814, 0.0]"
STATE_MOTOR,2206814.7509125993,"[-0.009970875121256667, 0.01380582709097077, 0.572941824275287, -0.006135923151542565, -0.007669903939428206, 0.4970453053184504]","[0.0, 0.0, 0.0, 0.0, 0.0, 0.0]","[0.022814, 0.0, 0.410652, 0.022814, 0.022814, 0.022814]"
STATE_MOTOR,2226887.6349553466,"[-0.009970875121256667, 0.01380582709097077, 0.572941824275287, -0.0046019423636569235, -0.007669903939428206, 0.4970453053184504]","[0.0, 0.0, 0.0, 0.0, 0.0, 0.0]","[0.022814, 0.0, 0.501908, 0.0, 0.022814, 0.0]"
STATE_MOTOR,2246948.411921039,"[-0.009970875121256667, 0.01380582709097077, 0.572941824275287, -0.0015339807878856412, -0.007669903939428206, 0.4970453053184504]","[0.0, 0.0, 0.0, 0.23009711818284617, 0.0, 0.0]","[0.022814, 0.0, 0.410652, 0.0, 0.045628, 0.022814]"
STATE_MOTOR,2267013.9049878344,"[-0.006902913545485385, 0.01380582709097077, 0.572941824275287, 0.0, -0.007669903939428206, 0.4970453053184504]","[0.15339807878856412, 0.0, 0.0, 0.07669903939428206, 0.0, 0.0]","[0.045628, 0.022814, 0.410652, 0.0, 0.022814, 0.022814]"
STATE_MOTOR,2287078.3359976485,"[-0.005368932757599744, 0.015339807878856412, 0.572941824275287, 0.0015339807878856412, -0.006135923151542565, 0.4970453053184504]","[0.07669903939428206, 0.0, 0.0, 0.07669903939428206, 0.0, 0.0]","[0.022814, 0.0, 0.547536, 0.022814, 0.0, 0.022814]"
STATE_MOTOR,2307137.5800063834,"[-0.003834951969714103, 0.018407769454627694, 0.572941824275287, 0.0030679615757712823, -0.0046019423636569235, 0.4970453053184504]","[0.07669903939428206, 0.07669903939428206, 0.0, 0.07669903939428206, 0.15339807878856412, 0.0]","[0.045628, 0.0, 0.524722, 0.022814, 0.045628, 0.0]"
STATE_MOTOR,2327201.930922456,"[-0.0007669903939428206, 0.023009711818284616, 0.572941824275287, 0.0046019423636569235, -0.0030679615757712823, 0.4970453053184504]","[0.15339807878856412, 0.23009711818284617, 0.0, 0.07669903939428206, 0.0, 0.0]","[0.022814, 0.0, 0.501908, 0.0, 0.022814, 0.022814]"
STATE_MOTOR,2347257.4399784207,"[0.0023009711818284618, 0.02454369260617026, 0.572941824275287, 0.007669903939428206, 0.0, 0.4970453053184504]","[0.15339807878856412, 0.15339807878856412, 0.0, 0.15339807878856412, 0.07669903939428206, 0.0]","[0.022814, 0.0, 0.433466, 0.0, 0.022814, 0.0]"
STATE_MOTOR,2367317.824973725,"[0.005368932757599744, 0.02761165418194154, 0.572941824275287, 0.010737865515199488, 0.0030679615757712823, 0.4970453053184504]","[0.15339807878856412, 0.07669903939428206, 0.0, 0.07669903939428206, 0.23009711818284617, 0.0]","[0.022814, 0.022814, 0.615978, 0.0, 0.0, 0.0]"
STATE_MOTOR,2387374.4449811056,"[0.008436894333371026, 0.02914563496982718, 0.572941824275287, 0.010737865515199488, 0.0030679615757712823, 0.4970453053184504]","[0.07669903939428206, 0.15339807878856412, 0.0, 0.07669903939428206, 0.07669903939428206, 0.0]","[0.022814, 0.0, 0.524722, 0.022814, 0.022814, 0.022814]"
STATE_MOTOR,2407437.163987197,"[0.011504855909142308, 0.0337475773334841, 0.572941824275287, 0.010737865515199488, 0.0046019423636569235, 0.4970453053184504]","[0.15339807878856412, 0.15339807878856412, 0.0, 0.0, 0.0, 0.0]","[0.022814, 0.0, 0.547536, 0.022814, 0.022814, 0.0]"
STATE_MOTOR,2427494.2139163613,"[0.01457281748491359, 0.035281558121369745, 0.572941824275287, 0.010737865515199488, 0.0046019423636569235, 0.4970453053184504]","[0.15339807878856412, 0.15339807878856412, 0.0, 0.0, 0.07669903939428206, 0.0]","[0.022814, 0.0, 0.524722, 0.0, 0.045628, 0.0]"
STATE_MOTOR,2447552.01600492,"[0.016106798272799233, 0.03834951969714103, 0.572941824275287, 0.010737865515199488, 0.0046019423636569235, 0.4970453053184504]","[0.15339807878856412, 0.07669903939428206, 0.0, 0.0, 0.0, 0.0]","[0.022814, 0.0, 0.524722, 0.022814, 0.045628, 0.022814]"
STATE_MOTOR,2467610.5689723045,"[0.019174759848570515, 0.04141748127291231, 0.572941824275287, 0.01227184630308513, 0.006135923151542565, 0.4970453053184504]","[0.07669903939428206, 0.15339807878856412, 0.0, 0.0, 0.0, 0.0]","[0.0, 0.0, 0.524722, 0.022814, 0.022814, 0.0]"
STATE_MOTOR,2487669.2519756034,"[0.020708740636456155, 0.04295146206079795, 0.572941824275287, 0.01687378866674205, 0.010737865515199488, 0.4970453053184504]","[0.07669903939428206, 0.07669903939428206, 0.0, 0.23009711818284617, 0.07669903939428206, 0.0]","[0.022814, 0.0, 0.524722, 0.0, 0.0, 0.022814]"
STATE_MOTOR,2507730.738958344,"[0.022242721424341798, 0.04601942363656923, 0.572941824275287, 0.019941750242513333, 0.01380582709097077, 0.4970453053184504]","[0.15339807878856412, 0.15339807878856412, 0.0, 0.15339807878856412, 0.23009711818284617, 0.0]","[0.068442, 0.0, 0.661606, 0.0, 0.022814, 0.022814]"
STATE_MOTOR,2527794.4389963523,"[0.02684466378799872, 0.04908738521234052, 0.572941824275287, 0.023009711818284616, 0.015339807878856412, 0.4970453053184504]","[0.15339807878856412, 0.15339807878856412, 0.0, 0.15339807878856412, 0.15339807878856412, 0.0]","[0.022814, 0.0, 0.615978, 0.0, 0.022814, 0.0]"
STATE_MOTOR,2547852.3209458217,"[0.029912625363770002, 0.05368932757599744, 0.5714078434874014, 0.02454369260617026, 0.01687378866674205, 0.4970453053184504]","[0.15339807878856412, 0.23009711818284617, -0.07669903939428206, 0.15339807878856412, 0.07669903939428206, 0.0]","[0.022814, 0.0, 0.593164, 0.0, 0.022814, 0.022814]"
STATE_MOTOR,2567910.8039475977,"[0.032980586939541284, 0.056757289151768725, 0.5683398819116301, 0.02761165418194154, 0.019941750242513333, 0.4970453053184504]","[0.15339807878856412, 0.15339807878856412, -0.07669903939428206, 0.07669903939428206, 0.07669903939428206, 0.0]","[0.022814, 0.0, 0.45628, 0.0, 0.022814, 0.0]"
STATE_MOTOR,2587969.8069766164,"[0.03604854851531257, 0.06289321230331128, 0.5622039587600874, 0.02914563496982718, 0.023009711818284616, 0.4970453053184504]","[0.15339807878856412, 0.30679615757712825, -0.23009711818284617, 0.15339807878856412, 0.23009711818284617, 0.0]","[0.045628, 0.0, 0.433466, 0.0, 0.022814, 0.0]"
STATE_MOTOR,2608028.3699557185,"[0.03911651009108385, 0.0674951546669682, 0.5576020163964306, 0.032213596545598466, 0.02454369260617026, 0.4970453053184504]","[0.23009711818284617, 0.23009711818284617, -0.23009711818284617, 0.07669903939428206, 0.07669903939428206, 0.0]","[0.022814, 0.0, 0.433466, 0.0, 0.0, 0.0]"
STATE_MOTOR,2628091.4898961782,"[0.04371845245474077, 0.07209709703062514, 0.5560680356085449, 0.035281558121369745, 0.02761165418194154, 0.4970453053184504]","[0.15339807878856412, 0.23009711818284617, -0.07669903939428206, 0.15339807878856412, 0.07669903939428206, 0.0]","[0.022814, 0.0, 0.479094, 0.022814, 0.022814, 0.022814]"
STATE_MOTOR,2648147.8289933875,"[0.04678641403051206, 0.07363107781851078, 0.5530000740327736, 0.03681553890925539, 0.030679615757712823, 0.4970453053184504]","[0.23009711818284617, 0.07669903939428206, -0.15339807878856412, 0.07669903939428206, 0.15339807878856412, 0.0]","[0.022814, 0.0, 0.387838, 0.0, 0.022814, 0.0]"
STATE_MOTOR,2668213.9929616824,"[0.05138835639416898, 0.07516505860639641, 0.5514660932448879, 0.03988350048502667, 0.032213596545598466, 0.4970453053184504]","[0.15339807878856412, 0.07669903939428206, -0.07669903939428206, 0.15339807878856412, 0.15339807878856412, 0.0]","[0.045628, 0.0, 0.501908, 0.0, 0.022814, 0.0]"
STATE_MOTOR,2688273.3969250694,"[0.05445631796994026, 0.0782330201821677, 0.5499321124570024, 0.04295146206079795, 0.035281558121369745, 0.4970453053184504]","[0.15339807878856412, 0.15339807878856412, -0.07669903939428206, 0.15339807878856412, 0.07669903939428206, 0.0]","[0.022814, 0.0, 0.501908, 0.0, 0.022814, 0.022814]"
STATE_MOTOR,2708332.0699166507,"[0.059058260333597186, 0.08130098175793898, 0.5499321124570024, 0.04601942363656923, 0.03834951969714103, 0.4970453053184504]","[0.23009711818284617, 0.07669903939428206, 0.0, 0.15339807878856412, 0.15339807878856412, 0.0]","[0.022814, 0.0, 0.387838, 0.0, 0.022814, 0.022814]"
STATE_MOTOR,2728391.884942539,"[0.062126221909368465, 0.0859029241215959, 0.5468641508812311, 0.047553404424454875, 0.04141748127291231, 0.4970453053184504]","[0.23009711818284617, 0.23009711818284617, -0.15339807878856412, 0.07669903939428206, 0.15339807878856412, 0.0]","[0.022814, 0.0, 0.319396, 0.0, 0.045628, 0.022814]"
STATE_MOTOR,2748452.030005865,"[0.06519418348513975, 0.09050486648525283, 0.5422622085175741, 0.05062136600022616, 0.04295146206079795, 0.4970453053184504]","[0.15339807878856412, 0.23009711818284617, -0.15339807878856412, 0.15339807878856412, 0.15339807878856412, 0.0]","[0.045628, 0.0, 0.34221, 0.0, 0.022814, 0.022814]"
STATE_MOTOR,2768519.8169201612,"[0.06979612584879667, 0.09510680884890975, 0.5407282277296885, 0.05368932757599744, 0.04601942363656923, 0.4970453053184504]","[0.15339807878856412, 0.30679615757712825, -0.15339807878856412, 0.15339807878856412, 0.15339807878856412, 0.0]","[0.022814, 0.0, 0.433466, 0.022814, 0.022814, 0.022814]"
STATE_MOTOR,2788577.0379798487,"[0.0743980682124536, 0.09970875121256667, 0.5407282277296885, 0.056757289151768725, 0.04908738521234052, 0.4970453053184504]","[0.23009711818284617, 0.23009711818284617, 0.0, 0.15339807878856412, 0.15339807878856412, 0.0]","[0.022814, 0.0, 0.433466, 0.0, 0.022814, 0.022814]"
STATE_MOTOR,2808634.788962081,"[0.07746602978822488, 0.10431069357622359, 0.5391942469418028, 0.05829126993965436, 0.05062136600022616, 0.4970453053184504]","[0.15339807878856412, 0.15339807878856412, -0.07669903939428206, 0.07669903939428206, 0.07669903939428206, 0.0]","[0.045628, 0.0, 0.524722, 0.022814, 0.022814, 0.0]"
STATE_MOTOR,2828704.357962124,"[0.0820679721518818, 0.10891263593988051, 0.5391942469418028, 0.06289321230331128, 0.05522330836388308, 0.4970453053184504]","[0.23009711818284617, 0.23009711818284617, 0.0, 0.15339807878856412, 0.15339807878856412, 0.0]","[0.022814, 0.0, 0.501908, 0.0, 0.022814, 0.022814]"
STATE_MOTOR,2848764.20290675,"[0.08666991451553872, 0.1119805975156518, 0.5391942469418028, 0.06596117387908257, 0.05829126993965436, 0.4970453053184504]","[0.23009711818284617, 0.23009711818284617, 0.0, 0.15339807878856412, 0.15339807878856412, 0.0]","[0.022814, 0.0, 0.57035, 0.022814, 0.022814, 0.022814]"
STATE_MOTOR,2868833.110900596,"[0.0928058376670813, 0.11658253987930872, 0.5391942469418028, 0.0674951546669682, 0.059825250727540004, 0.4970453053184504]","[0.23009711818284617, 0.15339807878856412, 0.0, 0.15339807878856412, 0.15339807878856412, 0.0]","[0.0, 0.0, 0.57035, 0.0, 0.022814, 0.0]"
STATE_MOTOR,2888889.811001718,"[0.09587379924285257, 0.1227184630308513, 0.5376602661539173, 0.07056311624273949, 0.06442719309119693, 0.4970453053184504]","[0.30679615757712825, 0.38349519697141027, -0.07669903939428206, 0.15339807878856412, 0.15339807878856412, 0.0]","[0.045628, 0.0, 0.501908, 0.022814, 0.022814, 0.0]"
STATE_MOTOR,2908958.7489143014,"[0.10047574160650949, 0.1273204053945082, 0.5361262853660316, 0.07363107781851078, 0.0674951546669682, 0.4970453053184504]","[0.15339807878856412, 0.23009711818284617, -0.07669903939428206, 0.15339807878856412, 0.15339807878856412, 0.0]","[0.022814, 0.0, 0.433466, 0.0, 0.022814, 0.0]"
STATE_MOTOR,2929027.496953495,"[0.10507768397016642, 0.13345632854605077, 0.5361262853660316, 0.07669903939428206, 0.07056311624273949, 0.4970453053184504]","[0.30679615757712825, 0.23009711818284617, 0.0, 0.15339807878856412, 0.15339807878856412, 0.0]","[0.022814, 0.0, 0.593164, 0.0, 0.0, 0.0]"
STATE_MOTOR,2949085.9899669886,"[0.11121360712170898, 0.13652429012182207, 0.5361262853660316, 0.07976700097005333, 0.07363107781851078, 0.4970453053184504]","[0.15339807878856412, 0.23009711818284617, 0.0, 0.15339807878856412, 0.15339807878856412, 0.0]","[0.022814, 0.0, 0.57035, 0.0, 0.045628, 0.0]"
STATE_MOTOR,2969150.851946324,"[0.1158155494853659, 0.14112623248547898, 0.5361262853660316, 0.08436894333371026, 0.07669903939428206, 0.4970453053184504]","[0.30679615757712825, 0.23009711818284617, 0.0, 0.15339807878856412, 0.15339807878856412, 0.0]","[0.045628, 0.0, 0.547536, 0.0, 0.022814, 0.0]"
STATE_MOTOR,2989209.1649817303,"[0.12041749184902283, 0.14726215563702155, 0.5361262853660316, 0.08743690490948154, 0.07976700097005333, 0.4970453053184504]","[0.23009711818284617, 0.23009711818284617, 0.0, 0.15339807878856412, 0.15339807878856412, 0.0]","[0.045628, 0.022814, 0.615978, 0.022814, 0.022814, 0.022814]"
