type,timestamp,positions,velocities,torques
STATE_MOTOR,6.069079972803593,"[-0.008436894333371026, 0.007669903939428206, 0.5821457090026008, -0.0015339807878856412, 0.010737865515199488, 0.49770190413657256]","[0.0, 0.0, 0.0, 0.0, 0.0, 0.0]","[0.0, 0.022814, 0.433466, 0.0, 0.0, 0.0]"
STATE_MOTOR,20079.39398754388,"[-0.008436894333371026, 0.007669903939428206, 0.5821457090026008, -0.0015339807878856412, 0.010737865515199488, 0.49770190413657256]","[0.0, 0.0, 0.0, 0.0, 0.0, 0.0]","[0.0, 0.0, 0.433466, 0.0, 0.022814, 0.0]"
STATE_MOTOR,40140.58108441532,"[-0.008436894333371026, 0.007669903939428206, 0.5821457090026008, -0.0015339807878856412, 0.010737865515199488, 0.49770190413657256]","[0.0, 0.0, 0.0, 0.0, 0.0, 0.0]","[0.0, 0.022814, 0.433466, 0.0, 0.022814, 0.022814]"
STATE_MOTOR,60196.88106607646,"[-0.008436894333371026, 0.007669903939428206, 0.5821457090026008, -0.0015339807878856412, 0.010737865515199488, 0.49770190413657256]","[0.0, 0.0, 0.0, 0.0, 0.0, 0.0]","[0.022814, 0.022814, 0.433466, 0.0, 0.022814, 0.0]"
STATE_MOTOR,80256.04404974729,"[-0.008436894333371026, 0.007669903939428206, 0.5821457090026008, -0.0015339807878856412, 0.010737865515199488, 0.49770190413657256]","[0.0, 0.0, 0.0, 0.0, 0.0, 0.0]","[0.022814, 0.0, 0.501908, 0.0, 0.022814, 0.022814]"
STATE_MOTOR,100314.98805619776,"[-0.008436894333371026, 0.007669903939428206, 0.5821457090026008, -0.0015339807878856412, 0.010737865515199488, 0.49770190413657256]","[0.0, 0.0, 0.0, 0.0, 0.0, 0.0]","[0.022814, 0.0, 0.45628, 0.0, 0.022814, 0.0]"
STATE_MOTOR,120371.00701127201,"[-0.008436894333371026, 0.007669903939428206, 0.5821457090026008, -0.0015339807878856412, 0.010737865515199488, 0.49770190413657256]","[0.0, 0.0, 0.0, 0.0, 0.0, 0.0]","[0.022814, 0.0, 0.433466, 0.0, 0.0, 0.022814]"
STATE_MOTOR,140428.24797797948,"[-0.008436894333371026, 0.007669903939428206, 0.5821457090026008, -0.0015339807878856412, 0.010737865515199488, 0.49770190413657256]","[0.0, 0.0, 0.0, 0.0, 0.0, 0.0]","[0.022814, 0.0, 0.45628, 0.0, 0.0, 0.0]"
STATE_MOTOR,160484.27706118673,"[-0.008436894333371026, 0.007669903939428206, 0.5821457090026008, -0.0015339807878856412, 0.010737865515199488, 0.49770190413657256]","[0.0, 0.0, 0.0, 0.0, 0.0, 0.0]","[0.0, 0.022814, 0.524722, 0.0, 0.0, 0.022814]"
STATE_MOTOR,180549.19003043324,"[-0.008436894333371026, 0.007669903939428206, 0.5821457090026008, -0.0015339807878856412, 0.010737865515199488, 0.49770190413657256]","[0.0, 0.0, 0.0, 0.0, 0.0, 0.0]","[0.0, 0.022814, 0.433466, 0.0, 0.022814, 0.0]"
STATE_MOTOR,200607.5920071453,"[-0.008436894333371026, 0.007669903939428206, 0.5821457090026008, -0.0015339807878856412, 0.010737865515199488, 0.49770190413657256]","[0.0, 0.0, 0.0, 0.0, 0.0, 0.0]","[0.022814, 0.0, 0.524722, 0.0, 0.022814, 0.0]"
STATE_MOTOR,220664.76300824434,"[-0.008436894333371026, 0.007669903939428206, 0.5821457090026008, -0.0015339807878856412, 0.010737865515199488, 0.49770190413657256]","[0.0, 0.0, 0.0, 0.0, 0.0, 0.0]","[0.022814, 0.022814, 0.45628, 0.0, 0.022814, 0.0]"
STATE_MOTOR,240721.99407964945,"[-0.008436894333371026, 0.007669903939428206, 0.5821457090026008, -0.0015339807878856412, 0.010737865515199488, 0.49770190413657256]","[0.0, 0.0, 0.0, 0.0, 0.0, 0.0]","[0.022814, 0.0, 0.57035, 0.0, 0.022814, 0.0]"
STATE_MOTOR,260780.52702359855,"[-0.008436894333371026, 0.007669903939428206, 0.5821457090026008, -0.0015339807878856412, 0.010737865515199488, 0.49770190413657256]","[0.0, 0.0, 0.0, 0.0, 0.0, 0.0]","[0.022814, 0.0, 0.433466, 0.0, 0.022814, 0.0]"
STATE_MOTOR,280839.8309862241,"[-0.008436894333371026, 0.007669903939428206, 0.5821457090026008, -0.0015339807878856412, 0.010737865515199488, 0.49770190413657256]","[0.0, 0.0, 0.0, 0.0, 0.0, 0.0]","[0.0, 0.0, 0.433466, 0.0, 0.022814, 0.022814]"
STATE_MOTOR,300907.0970583707,"[-0.008436894333371026, 0.007669903939428206, 0.5821457090026008, -0.0015339807878856412, 0.010737865515199488, 0.49770190413657256]","[0.0, 0.0, 0.0, 0.0, 0.0, 0.0]","[0.022814, 0.0, 0.547536, 0.0, 0.022814, 0.0]"
STATE_MOTOR,320963.51601649076,"[-0.008436894333371026, 0.007669903939428206, 0.5821457090026008, -0.0015339807878856412, 0.010737865515199488, 0.49770190413657256]","[0.0, 0.0, 0.0, 0.0, 0.0, 0.0]","[0.022814, 0.0, 0.433466, 0.0, 0.022814, 0.022814]"
STATE_MOTOR,341037.37201076,"[-0.008436894333371026, 0.007669903939428206, 0.5821457090026008, -0.0015339807878856412, 0.010737865515199488, 0.49770190413657256]","[0.0, 0.0, 0.0, 0.0, 0.0, 0.0]","[0.022814, 0.0, 0.45628, 0.0, 0.022814, 0.0]"
STATE_MOTOR,361104.988027364,"[-0.008436894333371026, 0.007669903939428206, 0.5821457090026008, -0.0015339807878856412, 0.010737865515199488, 0.49770190413657256]","[0.0, 0.0, 0.0, 0.0, 0.0, 0.0]","[0.022814, 0.0, 0.524722, 0.0, 0.022814, 0.0]"
STATE_MOTOR,381162.4100198969,"[-0.008436894333371026, 0.007669903939428206, 0.5821457090026008, -0.0015339807878856412, 0.010737865515199488, 0.49770190413657256]","[0.0, 0.0, 0.0, 0.0, 0.0, 0.0]","[0.0, 0.022814, 0.45628, 0.0, 0.0, 0.022814]"
STATE_MOTOR,401219.8210693896,"[-0.008436894333371026, 0.007669903939428206, 0.5821457090026008, -0.0015339807878856412, 0.010737865515199488, 0.49770190413657256]","[0.0, 0.0, 0.0, 0.0, 0.0, 0.0]","[0.022814, 0.022814, 0.615978, 0.0, 0.022814, 0.0]"
STATE_MOTOR,421278.344001621,"[-0.008436894333371026, 0.007669903939428206, 0.5821457090026008, -0.0015339807878856412, 0.010737865515199488, 0.49770190413657256]","[0.0, 0.0, 0.0, 0.0, 0.0, 0.0]","[0.022814, 0.0, 0.501908, 0.0, 0.0, 0.0]"
STATE_MOTOR,441340.59199132025,"[-0.008436894333371026, 0.007669903939428206, 0.5821457090026008, -0.0015339807878856412, 0.010737865515199488, 0.49770190413657256]","[0.0, 0.0, 0.0, 0.0, 0.0, 0.0]","[0.022814, 0.0, 0.45628, 0.0, 0.022814, 0.0]"
STATE_MOTOR,461399.0350626409,"[-0.008436894333371026, 0.007669903939428206, 0.5821457090026008, -0.0015339807878856412, 0.010737865515199488, 0.49770190413657256]","[0.0, 0.0, 0.0, 0.0, 0.0, 0.0]","[0.022814, 0.0, 0.433466, 0.0, 0.022814, 0.0]"
STATE_MOTOR,481456.4660191536,"[-0.008436894333371026, 0.007669903939428206, 0.5821457090026008, -0.0015339807878856412, 0.010737865515199488, 0.49770190413657256]","[0.0, 0.0, 0.0, 0.0, 0.0, 0.0]","[0.022814, 0.0, 0.524722, 0.0, 0.022814, 0.0]"
STATE_MOTOR,501516.30106847733,"[-0.008436894333371026, 0.007669903939428206, 0.5821457090026008, -0.0015339807878856412, 0.010737865515199488, 0.49770190413657256]","[0.0, 0.0, 0.0, 0.0, 0.0, 0.0]","[0.0, 0.0, 0.547536, 0.0, 0.022814, 0.022814]"
STATE_MOTOR,521572.0700798556,"[-0.008436894333371026, 0.007669903939428206, 0.5821457090026008, -0.0015339807878856412, 0.010737865515199488, 0.49770190413657256]","[0.0, 0.0, 0.0, 0.0, 0.0, 0.0]","[0.022814, 0.0, 0.45628, 0.0, 0.022814, 0.0]"
STATE_MOTOR,541630.6130355224,"[-0.008436894333371026, 0.007669903939428206, 0.5821457090026008, -0.0015339807878856412, 0.010737865515199488, 0.49770190413657256]","[0.0, 0.0, 0.0, 0.0, 0.0, 0.0]","[0.0, 0.0, 0.57035, 0.0, 0.022814, 0.0]"
STATE_MOTOR,561688.9949887991,"[-0.008436894333371026, 0.007669903939428206, 0.5821457090026008, -0.0015339807878856412, 0.010737865515199488, 0.49770190413657256]","[0.0, 0.0, 0.0, 0.0, 0.0, 0.0]","[0.0, 0.0, 0.479094, 0.022814, 0.022814, 0.0]"
STATE_MOTOR,581749.4110669941,"[-0.008436894333371026, 0.007669903939428206, 0.5821457090026008, -0.0015339807878856412, 0.010737865515199488, 0.49770190413657256]","[0.0, 0.0, 0.0, 0.0, 0.0, 0.0]","[0.022814, 0.022814, 0.433466, 0.0, 0.022814, 0.022814]"
STATE_MOTOR,601808.3139788359,"[-0.008436894333371026, 0.007669903939428206, 0.5821457090026008, -0.0015339807878856412, 0.010737865515199488, 0.49770190413657256]","[0.0, 0.0, 0.0, 0.0, 0.0, 0.0]","[0.022814, 0.022814, 0.501908, 0.0, 0.022814, 0.0]"
STATE_MOTOR,621869.3610280752,"[-0.008436894333371026, 0.007669903939428206, 0.5821457090026008, -0.0015339807878856412, 0.010737865515199488, 0.49770190413657256]","[0.0, 0.0, 0.0, 0.0, 0.0, 0.0]","[0.022814, 0.0, 0.524722, 0.0, 0.022814, 0.0]"
STATE_MOTOR,641929.4259976596,"[-0.008436894333371026, 0.007669903939428206, 0.5821457090026008, -0.0015339807878856412, 0.010737865515199488, 0.49770190413657256]","[0.0, 0.0, 0.0, 0.0, 0.0, 0.0]","[0.022814, 0.0, 0.45628, 0.0, 0.022814, 0.022814]"
STATE_MOTOR,661986.1259823665,"[-0.008436894333371026, 0.007669903939428206, 0.5821457090026008, -0.0015339807878856412, 0.010737865515199488, 0.49770190413657256]","[0.0, 0.0, 0.0, 0.0, 0.0, 0.0]","[0.0, 0.022814, 0.45628, 0.0, 0.0, 0.022814]"
STATE_MOTOR,682043.1270170957,"[-0.008436894333371026, 0.007669903939428206, 0.5821457090026008, -0.0015339807878856412, 0.010737865515199488, 0.49770190413657256]","[0.0, 0.0, 0.0, 0.0, 0.0, 0.0]","[0.022814, 0.022814, 0.524722, 0.0, 0.022814, 0.0]"
STATE_MOTOR,702103.0520554632,"[-0.008436894333371026, 0.007669903939428206, 0.5821457090026008, -0.0015339807878856412, 0.010737865515199488, 0.49770190413657256]","[0.0, 0.0, 0.0, 0.0, 0.0, 0.0]","[0.022814, 0.0, 0.479094, 0.0, 0.022814, 0.0]"
STATE_MOTOR,722158.9810214937,"[-0.008436894333371026, 0.007669903939428206, 0.5821457090026008, -0.0015339807878856412, 0.010737865515199488, 0.49770190413657256]","[0.0, 0.0, 0.0, 0.0, 0.0, 0.0]","[0.022814, 0.022814, 0.479094, 0.0, 0.022814, 0.022814]"
STATE_MOTOR,742224.4140179828,"[-0.008436894333371026, 0.007669903939428206, 0.5821457090026008, -0.0015339807878856412, 0.010737865515199488, 0.49770190413657256]","[0.0, 0.0, 0.0, 0.0, 0.0, 0.0]","[0.022814, 0.0, 0.433466, 0.0, 0.0, 0.022814]"
STATE_MOTOR,762282.2760604322,"[-0.008436894333371026, 0.007669903939428206, 0.5821457090026008, -0.0015339807878856412, 0.010737865515199488, 0.49770190413657256]","[0.0, 0.0, 0.0, 0.0, 0.0, 0.0]","[0.0, 0.022814, 0.45628, 0.0, 0.022814, 0.0]"
STATE_MOTOR,782337.7340100706,"[-0.008436894333371026, 0.007669903939428206, 0.5821457090026008, -0.0015339807878856412, 0.010737865515199488, 0.49770190413657256]","[0.0, 0.0, 0.0, 0.0, 0.0, 0.0]","[0.0, 0.0, 0.593164, 0.0, 0.0, 0.0]"
STATE_MOTOR,802393.7430698425,"[-0.008436894333371026, 0.007669903939428206, 0.5821457090026008, -0.0015339807878856412, 0.010737865515199488, 0.49770190413657256]","[0.0, 0.0, 0.0, 0.0, 0.0, 0.0]","[0.022814, 0.022814, 0.433466, 0.0, 0.022814, 0.0]"
STATE_MOTOR,822449.9929929152,"[-0.008436894333371026, 0.007669903939428206, 0.5821457090026008, -0.0015339807878856412, 0.010737865515199488, 0.49770190413657256]","[0.0, 0.0, 0.0, 0.0, 0.0, 0.0]","[0.022814, 0.022814, 0.57035, 0.0, 0.022814, 0.0]"
STATE_MOTOR,842507.4140541255,"[-0.008436894333371026, 0.007669903939428206, 0.5821457090026008, -0.0015339807878856412, 0.010737865515199488, 0.49770190413657256]","[0.0, 0.0, 0.0, 0.0, 0.0, 0.0]","[0.022814, 0.022814, 0.433466, 0.0, 0.022814, 0.0]"
STATE_MOTOR,862566.1670230329,"[-0.008436894333371026, 0.007669903939428206, 0.5821457090026008, -0.0015339807878856412, 0.010737865515199488, 0.49770190413657256]","[0.0, 0.0, 0.0, 0.0, 0.0, 0.0]","[0.022814, 0.0, 0.524722, 0.0, 0.022814, 0.0]"
STATE_MOTOR,882623.697980307,"[-0.008436894333371026, 0.007669903939428206, 0.5821457090026008, -0.0015339807878856412, 0.010737865515199488, 0.49770190413657256]","[0.0, 0.0, 0.0, 0.0, 0.0, 0.0]","[0.022814, 0.022814, 0.433466, 0.0, 0.022814, 0.022814]"
STATE_MOTOR,902678.6360191181,"[-0.008436894333371026, 0.007669903939428206, 0.5821457090026008, -0.0015339807878856412, 0.010737865515199488, 0.49770190413657256]","[0.0, 0.0, 0.0, 0.0, 0.0, 0.0]","[0.022814, 0.0, 0.45628, 0.0, 0.022814, 0.022814]"
STATE_MOTOR,922733.1730071455,"[-0.008436894333371026, 0.007669903939428206, 0.5821457090026008, -0.0015339807878856412, 0.010737865515199488, 0.49770190413657256]","[0.0, 0.0, 0.0, 0.0, 0.0, 0.0]","[0.022814, 0.022814, 0.45628, 0.0, 0.022814, 0.0]"
STATE_MOTOR,942786.738043651,"[-0.008436894333371026, 0.007669903939428206, 0.5821457090026008, -0.0015339807878856412, 0.010737865515199488, 0.49770190413657256]","[0.0, 0.0, 0.0, 0.0, 0.0, 0.0]","[0.0, 0.0, 0.547536, 0.0, 0.022814, 0.022814]"
STATE_MOTOR,962824.5100611821,"[-0.008436894333371026, 0.007669903939428206, 0.5821457090026008, -0.0015339807878856412, 0.010737865515199488, 0.49770190413657256]","[0.0, 0.0, 0.0, 0.0, 0.0, 0.0]","[0.022814, 0.0, 0.501908, 0.0, 0.022814, 0.0]"
STATE_MOTOR,982889.8630803451,"[-0.008436894333371026, 0.007669903939428206, 0.5821457090026008, -0.0015339807878856412, 0.010737865515199488, 0.49770190413657256]","[0.0, 0.0, 0.0, 0.0, 0.0, 0.0]","[0.022814, 0.022814, 0.524722, 0.0, 0.022814, 0.0]"
STATE_MOTOR,1002949.4480695575,"[-0.008436894333371026, 0.007669903939428206, 0.5821457090026008, -0.0015339807878856412, 0.010737865515199488, 0.49770190413657256]","[0.0, 0.0, 0.0, 0.0, 0.0, 0.0]","[0.022814, 0.0, 0.547536, 0.0, 0.0, 0.022814]"
STATE_MOTOR,1023041.6710255668,"[-0.008436894333371026, 0.007669903939428206, 0.5821457090026008, -0.0015339807878856412, 0.010737865515199488, 0.49770190413657256]","[0.0, 0.0, 0.0, 0.0, 0.0, 0.0]","[0.0, 0.022814, 0.547536, 0.0, 0.022814, 0.022814]"
STATE_MOTOR,1043103.278032504,"[-0.008436894333371026, 0.007669903939428206, 0.5821457090026008, -0.0015339807878856412, 0.010737865515199488, 0.49770190413657256]","[0.0, 0.0, 0.0, 0.0, 0.0, 0.0]","[0.022814, 0.0, 0.433466, 0.0, 0.022814, 0.0]"
STATE_MOTOR,1063165.617058985,"[-0.008436894333371026, 0.007669903939428206, 0.5821457090026008, -0.0015339807878856412, 0.010737865515199488, 0.49770190413657256]","[0.0, 0.0, 0.0, 0.0, 0.0, 0.0]","[0.022814, 0.0, 0.593164, 0.0, 0.022814, 0.0]"
STATE_MOTOR,1083227.2940315306,"[-0.008436894333371026, 0.007669903939428206, 0.5821457090026008, -0.0015339807878856412, 0.010737865515199488, 0.49770190413657256]","[0.0, 0.0, 0.0, 0.0, 0.0, 0.0]","[0.022814, 0.0, 0.479094, 0.0, 0.022814, 0.022814]"
STATE_MOTOR,1103284.6660818905,"[-0.008436894333371026, 0.007669903939428206, 0.5821457090026008, -0.0015339807878856412, 0.010737865515199488, 0.49770190413657256]","[0.0, 0.0, 0.0, 0.0, 0.0, 0.0]","[0.0, 0.0, 0.501908, 0.0, 0.022814, 0.0]"
STATE_MOTOR,1123345.792060718,"[-0.008436894333371026, 0.007669903939428206, 0.5821457090026008, -0.0015339807878856412, 0.010737865515199488, 0.49770190413657256]","[0.0, 0.0, 0.0, 0.0, 0.0, 0.0]","[0.0, 0.0, 0.45628, 0.0, 0.022814, 0.0]"
STATE_MOTOR,1143405.916984193,"[-0.008436894333371026, 0.007669903939428206, 0.5821457090026008, -0.0015339807878856412, 0.010737865515199488, 0.49770190413657256]","[0.0, 0.0, 0.0, 0.0, 0.0, 0.0]","[0.022814, 0.0, 0.547536, 0.0, 0.0, 0.022814]"
STATE_MOTOR,1163466.103025712,"[-0.008436894333371026, 0.007669903939428206, 0.5821457090026008, -0.0015339807878856412, 0.010737865515199488, 0.49770190413657256]","[0.0, 0.0, 0.0, 0.0, 0.0, 0.0]","[0.022814, 0.0, 0.57035, 0.0, 0.022814, 0.022814]"
STATE_MOTOR,1183527.9910592362,"[-0.008436894333371026, 0.007669903939428206, 0.5821457090026008, -0.0015339807878856412, 0.010737865515199488, 0.49770190413657256]","[0.0, 0.0, 0.0, 0.0, 0.0, 0.0]","[0.022814, 0.0, 0.433466, 0.0, 0.022814, 0.0]"
STATE_MOTOR,1203587.9159811884,"[-0.008436894333371026, 0.007669903939428206, 0.5821457090026008, -0.0015339807878856412, 0.010737865515199488, 0.49770190413657256]","[0.0, 0.0, 0.0, 0.0, 0.0, 0.0]","[0.022814, 0.0, 0.45628, 0.0, 0.022814, 0.0]"
STATE_MOTOR,1223643.5540253296,"[-0.008436894333371026, 0.007669903939428206, 0.5821457090026008, -0.0015339807878856412, 0.010737865515199488, 0.49770190413657256]","[0.0, 0.0, 0.0, 0.0, 0.0, 0.0]","[0.022814, 0.0, 0.524722, 0.0, 0.022814, 0.0]"
STATE_MOTOR,1243703.4089816734,"[-0.008436894333371026, 0.007669903939428206, 0.5821457090026008, -0.0015339807878856412, 0.010737865515199488, 0.49770190413657256]","[0.0, 0.0, 0.0, 0.0, 0.0, 0.0]","[0.0, 0.022814, 0.479094, 0.0, 0.022814, 0.022814]"
STATE_MOTOR,1263762.8830270842,"[-0.008436894333371026, 0.007669903939428206, 0.5821457090026008, -0.0015339807878856412, 0.010737865515199488, 0.49770190413657256]","[0.0, 0.0, 0.0, 0.0, 0.0, 0.0]","[0.0, 0.022814, 0.57035, 0.0, 0.022814, 0.022814]"
STATE_MOTOR,1283822.0370467752,"[-0.008436894333371026, 0.007669903939428206, 0.5821457090026008, -0.0015339807878856412, 0.010737865515199488, 0.49770190413657256]","[0.0, 0.0, 0.0, 0.0, 0.0, 0.0]","[0.022814, 0.022814, 0.501908, 0.0, 0.022814, 0.0]"
STATE_MOTOR,1303879.5880274847,"[-0.008436894333371026, 0.007669903939428206, 0.5821457090026008, -0.0015339807878856412, 0.010737865515199488, 0.49770190413657256]","[0.0, 0.0, 0.0, 0.0, 0.0, 0.0]","[0.022814, 0.022814, 0.57035, 0.0, 0.022814, 0.022814]"
STATE_MOTOR,1323941.3460250944,"[-0.008436894333371026, 0.007669903939428206, 0.5821457090026008, -0.0015339807878856412, 0.010737865515199488, 0.49770190413657256]","[0.0, 0.0, 0.0, 0.0, 0.0, 0.0]","[0.022814, 0.022814, 0.433466, 0.0, 0.022814, 0.0]"
STATE_MOTOR,1344017.7260199562,"[-0.008436894333371026, 0.007669903939428206, 0.5821457090026008, -0.0015339807878856412, 0.010737865515199488, 0.49770190413657256]","[0.0, 0.0, 0.0, 0.0, 0.0, 0.0]","[0.022814, 0.0, 0.524722, 0.0, 0.022814, 0.0]"
STATE_MOTOR,1364030.3800348192,"[-0.008436894333371026, 0.007669903939428206, 0.5821457090026008, -0.0015339807878856412, 0.010737865515199488, 0.49770190413657256]","[0.0, 0.0, 0.0, 0.0, 0.0, 0.0]","[0.022814, 0.022814, 0.524722, 0.0, 0.022814, 0.0]"
STATE_MOTOR,1384092.1280207112,"[-0.008436894333371026, 0.007669903939428206, 0.5821457090026008, -0.0015339807878856412, 0.010737865515199488, 0.49770190413657256]","[0.0, 0.0, 0.0, 0.0, 0.0, 0.0]","[0.0, 0.022814, 0.615978, 0.0, 0.022814, 0.022814]"
STATE_MOTOR,1404151.0910028592,"[-0.008436894333371026, 0.007669903939428206, 0.5821457090026008, -0.0015339807878856412, 0.010737865515199488, 0.49770190413657256]","[0.0, 0.0, 0.0, 0.0, 0.0, 0.0]","[0.022814, 0.0, 0.479094, 0.0, 0.022814, 0.0]"
STATE_MOTOR,1424210.304976441,"[-0.008436894333371026, 0.007669903939428206, 0.5821457090026008, -0.0015339807878856412, 0.010737865515199488, 0.49770190413657256]","[0.0, 0.0, 0.0, 0.0, 0.0, 0.0]","[0.022814, 0.0, 0.479094, 0.0, 0.022814, 0.0]"
STATE_MOTOR,1444266.4850503206,"[-0.008436894333371026, 0.007669903939428206, 0.5821457090026008, -0.0015339807878856412, 0.010737865515199488, 0.49770190413657256]","[0.0, 0.0, 0.0, 0.0, 0.0, 0.0]","[0.022814, 0.022814, 0.45628, 0.0, 0.022814, 0.0]"
STATE_MOTOR,1464324.2059974,"[-0.008436894333371026, 0.007669903939428206, 0.5821457090026008, -0.0015339807878856412, 0.010737865515199488, 0.49770190413657256]","[0.0, 0.0, 0.0, 0.0, 0.0, 0.0]","[0.022814, 0.022814, 0.433466, 0.0, 0.022814, 0.0]"
STATE_MOTOR,1484383.4700295702,"[-0.008436894333371026, 0.007669903939428206, 0.5821457090026008, -0.0015339807878856412, 0.010737865515199488, 0.49770190413657256]","[0.0, 0.0, 0.0, 0.0, 0.0, 0.0]","[0.0, 0.0, 0.433466, 0.0, 0.022814, 0.0]"
STATE_MOTOR,1504440.70098456,"[-0.008436894333371026, 0.007669903939428206, 0.5821457090026008, -0.0015339807878856412, 0.010737865515199488, 0.49770190413657256]","[0.0, 0.0, 0.0, 0.0, 0.0, 0.0]","[0.022814, 0.022814, 0.433466, 0.0, 0.0, 0.022814]"
STATE_MOTOR,1524498.9540660754,"[-0.008436894333371026, 0.007669903939428206, 0.5821457090026008, -0.0015339807878856412, 0.010737865515199488, 0.49770190413657256]","[0.0, 0.0, 0.0, 0.0, 0.0, 0.0]","[0.022814, 0.0, 0.433466, 0.0, 0.0, 0.022814]"
STATE_MOTOR,1544559.7000652924,"[-0.008436894333371026, 0.007669903939428206, 0.5821457090026008, -0.0015339807878856412, 0.010737865515199488, 0.49770190413657256]","[0.0, 0.0, 0.0, 0.0, 0.0, 0.0]","[0.0, 0.022814, 0.479094, 0.0, 0.022814, 0.022814]"
STATE_MOTOR,1564617.1410335228,"[-0.008436894333371026, 0.007669903939428206, 0.5821457090026008, -0.0015339807878856412, 0.010737865515199488, 0.49770190413657256]","[0.0, 0.0, 0.0, 0.0, 0.0, 0.0]","[0.022814, 0.0, 0.45628, 0.0, 0.022814, 0.0]"
STATE_MOTOR,1584672.4490402266,"[-0.008436894333371026, 0.007669903939428206, 0.5821457090026008, -0.0015339807878856412, 0.010737865515199488, 0.49770190413657256]","[0.0, 0.0, 0.0, 0.0, 0.0, 0.0]","[0.022814, 0.022814, 0.433466, 0.0, 0.022814, 0.0]"
STATE_MOTOR,1604728.0280617997,"[-0.008436894333371026, 0.007669903939428206, 0.5821457090026008, -0.0015339807878856412, 0.010737865515199488, 0.49770190413657256]","[0.0, 0.0, 0.0, 0.0, 0.0, 0.0]","[0.0, 0.022814, 0.45628, 0.0, 0.022814, 0.0]"
STATE_MOTOR,1624786.060070619,"[-0.008436894333371026, 0.007669903939428206, 0.5821457090026008, -0.0015339807878856412, 0.010737865515199488, 0.49770190413657256]","[0.0, 0.0, 0.0, 0.0, 0.0, 0.0]","[0.022814, 0.022814, 0.433466, 0.0, 0.022814, 0.0]"
STATE_MOTOR,1644841.7890351266,"[-0.008436894333371026, 0.007669903939428206, 0.5821457090026008, -0.0015339807878856412, 0.010737865515199488, 0.49770190413657256]","[0.0, 0.0, 0.0, 0.0, 0.0, 0.0]","[0.0, 0.022814, 0.433466, 0.0, 0.022814, 0.022814]"
STATE_MOTOR,1664897.5469870493,"[-0.008436894333371026, 0.007669903939428206, 0.5821457090026008, -0.0015339807878856412, 0.010737865515199488, 0.49770190413657256]","[0.0, 0.0, 0.0, 0.0, 0.0, 0.0]","[0.022814, 0.0, 0.524722, 0.0, 0.022814, 0.022814]"
STATE_MOTOR,1684955.83999902,"[-0.008436894333371026, 0.007669903939428206, 0.5821457090026008, -0.0015339807878856412, 0.010737865515199488, 0.49770190413657256]","[0.0, 0.0, 0.0, 0.0, 0.0, 0.0]","[0.0, 0.0, 0.45628, 0.0, 0.022814, 0.0]"
STATE_MOTOR,1705010.8070252463,"[-0.008436894333371026, 0.007669903939428206, 0.5821457090026008, -0.0015339807878856412, 0.010737865515199488, 0.49770190413657256]","[0.0, 0.0, 0.0, 0.0, 0.0, 0.0]","[0.022814, 0.022814, 0.433466, 0.0, 0.022814, 0.022814]"
STATE_MOTOR,1725071.7739807442,"[-0.008436894333371026, 0.007669903939428206, 0.5821457090026008, -0.0015339807878856412, 0.010737865515199488, 0.49770190413657256]","[0.0, 0.0, 0.0, 0.0, 0.0, 0.0]","[0.022814, 0.0, 0.615978, 0.0, 0.022814, 0.0]"
STATE_MOTOR,1745131.949079223,"[-0.008436894333371026, 0.007669903939428206, 0.5821457090026008, -0.0015339807878856412, 0.010737865515199488, 0.49770190413657256]","[0.0, 0.0, 0.0, 0.0, 0.0, 0.0]","[0.022814, 0.022814, 0.501908, 0.0, 0.022814, 0.0]"
STATE_MOTOR,1765189.3100701272,"[-0.008436894333371026, 0.007669903939428206, 0.5821457090026008, -0.0015339807878856412, 0.010737865515199488, 0.49770190413657256]","[0.0, 0.0, 0.0, 0.0, 0.0, 0.0]","[0.022814, 0.0, 0.547536, 0.0, 0.022814, 0.0]"
STATE_MOTOR,1785247.463034466,"[-0.008436894333371026, 0.007669903939428206, 0.5821457090026008, -0.0015339807878856412, 0.010737865515199488, 0.49770190413657256]","[0.0, 0.0, 0.0, 0.0, 0.0, 0.0]","[0.0, 0.0, 0.45628, 0.0, 0.022814, 0.0]"
STATE_MOTOR,1805303.1510207802,"[-0.008436894333371026, 0.007669903939428206, 0.5821457090026008, -0.0015339807878856412, 0.010737865515199488, 0.49770190413657256]","[0.0, 0.0, 0.0, 0.0, 0.0, 0.0]","[0.0, 0.022814, 0.45628, 0.0, 0.022814, 0.0]"
STATE_MOTOR,1825361.083028838,"[-0.008436894333371026, 0.007669903939428206, 0.5821457090026008, -0.0015339807878856412, 0.010737865515199488, 0.49770190413657256]","[0.0, 0.0, 0.0, 0.0, 0.0, 0.0]","[0.022814, 0.0, 0.433466, 0.0, 0.022814, 0.022814]"
STATE_MOTOR,1845418.1640408933,"[-0.008436894333371026, 0.007669903939428206, 0.5821457090026008, -0.0015339807878856412, 0.010737865515199488, 0.49770190413657256]","[0.0, 0.0, 0.0, 0.0, 0.0, 0.0]","[0.0, 0.0, 0.433466, 0.0, 0.022814, 0.0]"
STATE_MOTOR,1865479.9420619383,"[-0.008436894333371026, 0.007669903939428206, 0.5821457090026008, -0.0015339807878856412, 0.010737865515199488, 0.49770190413657256]","[0.0, 0.0, 0.0, 0.0, 0.0, 0.0]","[0.0, 0.0, 0.593164, 0.0, 0.022814, 0.0]"
STATE_MOTOR,1885538.2240144536,"[-0.008436894333371026, 0.007669903939428206, 0.5821457090026008, -0.0015339807878856412, 0.010737865515199488, 0.49770190413657256]","[0.0, 0.0, 0.0, 0.0, 0.0, 0.0]","[0.022814, 0.022814, 0.45628, 0.0, 0.022814, 0.0]"
STATE_MOTOR,1905595.3050265089,"[-0.008436894333371026, 0.007669903939428206, 0.5821457090026008, -0.0015339807878856412, 0.010737865515199488, 0.49770190413657256]","[0.0, 0.0, 0.0, 0.0, 0.0, 0.0]","[0.022814, 0.022814, 0.479094, 0.0, 0.0, 0.022814]"
STATE_MOTOR,1925653.0770799145,"[-0.008436894333371026, 0.007669903939428206, 0.5821457090026008, -0.0015339807878856412, 0.010737865515199488, 0.49770190413657256]","[0.0, 0.0, 0.0, 0.0, 0.0, 0.0]","[0.022814, 0.0, 0.501908, 0.0, 0.022814, 0.0]"
STATE_MOTOR,1945710.0169965997,"[-0.008436894333371026, 0.007669903939428206, 0.5821457090026008, -0.0015339807878856412, 0.010737865515199488, 0.49770190413657256]","[0.0, 0.0, 0.0, 0.0, 0.0, 0.0]","[0.022814, 0.0, 0.501908, 0.0, 0.022814, 0.0]"
STATE_MOTOR,1965766.2770478055,"[-0.008436894333371026, 0.007669903939428206, 0.5821457090026008, -0.0015339807878856412, 0.010737865515199488, 0.49770190413657256]","[0.0, 0.0, 0.0, 0.0, 0.0, 0.0]","[0.022814, 0.0, 0.433466, 0.0, 0.022814, 0.0]"
STATE_MOTOR,1985824.3390917778,"[-0.008436894333371026, 0.007669903939428206, 0.5821457090026008, -0.0015339807878856412, 0.010737865515199488, 0.49770190413657256]","[0.0, 0.0, 0.0, 0.0, 0.0, 0.0]","[0.0, 0.022814, 0.433466, 0.0, 0.022814, 0.0]"
STATE_MOTOR,2005882.8520122916,"[-0.008436894333371026, 0.007669903939428206, 0.5821457090026008, -0.0015339807878856412, 0.010737865515199488, 0.49770190413657256]","[0.0, 0.0, 0.0, 0.0, 0.0, 0.0]","[0.022814, 0.0, 0.433466, 0.0, 0.022814, 0.0]"
STATE_MOTOR,2025962.2660232708,"[-0.008436894333371026, 0.007669903939428206, 0.5821457090026008, -0.0015339807878856412, 0.010737865515199488, 0.49770190413657256]","[0.0, 0.0, 0.0, 0.0, 0.0, 0.0]","[0.022814, 0.0, 0.547536, 0.0, 0.022814, 0.022814]"
STATE_MOTOR,2046017.2430612147,"[-0.008436894333371026, 0.007669903939428206, 0.5821457090026008, -0.0015339807878856412, 0.010737865515199488, 0.49770190413657256]","[0.0, 0.0, 0.0, 0.0, 0.0, 0.0]","[0.022814, 0.0, 0.433466, 0.0, 0.022814, 0.022814]"
STATE_MOTOR,2066072.2210304812,"[-0.008436894333371026, 0.007669903939428206, 0.5821457090026008, -0.0015339807878856412, 0.010737865515199488, 0.49770190413657256]","[0.0, 0.0, 0.0, 0.0, 0.0, 0.0]","[0.022814, 0.022814, 0.479094, 0.0, 0.022814, 0.0]"
STATE_MOTOR,2086129.1310284287,"[-0.008436894333371026, 0.007669903939428206, 0.5821457090026008, -0.0015339807878856412, 0.010737865515199488, 0.49770190413657256]","[0.0, 0.0, 0.0, 0.0, 0.0, 0.0]","[0.022814, 0.0, 0.524722, 0.0, 0.022814, 0.0]"
STATE_MOTOR,2106185.3610444814,"[-0.008436894333371026, 0.007669903939428206, 0.5821457090026008, -0.0015339807878856412, 0.010737865515199488, 0.49770190413657256]","[0.0, 0.0, 0.0, 0.0, 0.0, 0.0]","[0.045628, 0.0, 0.45628, 0.0, 0.022814, 0.0]"
STATE_MOTOR,2126253.738068044,"[-0.008436894333371026, 0.007669903939428206, 0.5821457090026008, -0.0015339807878856412, 0.010737865515199488, 0.49770190413657256]","[0.0, 0.0, 0.0, 0.0, 0.0, 0.0]","[0.022814, 0.0, 0.524722, 0.0, 0.022814, 0.0]"
STATE_MOTOR,2146313.4629884735,"[-0.008436894333371026, 0.007669903939428206, 0.5821457090026008, -0.0015339807878856412, 0.010737865515199488, 0.49770190413657256]","[0.0, 0.0, 0.0, 0.0, 0.0, 0.0]","[0.022814, 0.0, 0.433466, 0.0, 0.022814, 0.022814]"
STATE_MOTOR,2166372.3260862753,"[-0.008436894333371026, 0.007669903939428206, 0.5821457090026008, -0.0015339807878856412, 0.010737865515199488, 0.49770190413657256]","[0.0, 0.0, 0.0, 0.0, 0.0, 0.0]","[0.022814, 0.0, 0.479094, 0.022814, 0.022814, 0.0]"
STATE_MOTOR,2186433.8039886206,"[-0.008436894333371026, 0.007669903939428206, 0.5821457090026008, -0.0015339807878856412, 0.010737865515199488, 0.49770190413657256]","[0.0, 0.0, 0.0, 0.0, 0.0, 0.0]","[0.022814, 0.0, 0.524722, 0.0, 0.022814, 0.0]"
STATE_MOTOR,2206491.474993527,"[-0.008436894333371026, 0.007669903939428206, 0.5821457090026008, -0.0015339807878856412, 0.010737865515199488, 0.49770190413657256]","[0.0, 0.0, 0.0, 0.0, 0.0, 0.0]","[0.045628, 0.0, 0.501908, 0.0, 0.0, 0.022814]"
STATE_MOTOR,2226548.956008628,"[-0.008436894333371026, 0.009203884727313847, 0.5821457090026008, -0.0015339807878856412, 0.010737865515199488, 0.49770190413657256]","[0.0, 0.07669903939428206, 0.0, 0.0, 0.0, 0.0]","[0.022814, 0.0, 0.479094, 0.022814, 0.022814, 0.022814]"
STATE_MOTOR,2246602.7120826766,"[-0.006902913545485385, 0.01380582709097077, 0.5821457090026008, -0.0015339807878856412, 0.010737865515199488, 0.49770190413657256]","[0.07669903939428206, 0.15339807878856412, 0.0, 0.0, 0.0, 0.0]","[0.045628, 0.022814, 0.479094, 0.022814, 0.0, 0.0]"
STATE_MOTOR,2266658.5710830986,"[-0.006902913545485385, 0.015339807878856412, 0.5821457090026008, -0.0015339807878856412, 0.010737865515199488, 0.49770190413657256]","[0.0, 0.15339807878856412, 0.0, 0.0, 0.0, 0.0]","[0.022814, 0.0, 0.501908, 0.022814, 0.0, 0.0]"
STATE_MOTOR,2286714.6300850436,"[-0.006902913545485385, 0.015339807878856412, 0.5821457090026008, -0.0015339807878856412, 0.010737865515199488, 0.49770190413657256]","[0.0, 0.0, 0.0, 0.0, 0.0, 0.0]","[0.022814, 0.0, 0.479094, 0.022814, 0.0, 0.022814]"
STATE_MOTOR,2306769.8680097237,"[-0.006902913545485385, 0.018407769454627694, 0.5821457090026008, 0.0, 0.010737865515199488, 0.49770190413657256]","[0.0, 0.07669903939428206, 0.0, 0.07669903939428206, 0.0, 0.0]","[0.045628, 0.0, 0.524722, 0.022814, 0.0, 0.0]"
STATE_MOTOR,2326826.2679921463,"[-0.005368932757599744, 0.021475731030398976, 0.5821457090026008, 0.0, 0.010737865515199488, 0.49770190413657256]","[0.07669903939428206, 0.15339807878856412, 0.0, 0.0, 0.0, 0.0]","[0.045628, 0.022814, 0.57035, 0.022814, 0.0, 0.0]"
STATE_MOTOR,2346881.7060347646,"[-0.003834951969714103, 0.023009711818284616, 0.5821457090026008, 0.0030679615757712823, 0.010737865515199488, 0.49770190413657256]","[0.07669903939428206, 0.15339807878856412, 0.0, 0.07669903939428206, 0.0, 0.0]","[0.045628, 0.0, 0.638792, 0.0, 0.0, 0.022814]"
STATE_MOTOR,2366937.165032141,"[-0.0007669903939428206, 0.02454369260617026, 0.5821457090026008, 0.006135923151542565, 0.010737865515199488, 0.49770190413657256]","[0.07669903939428206, 0.07669903939428206, 0.0, 0.15339807878856412, 0.0, 0.0]","[0.022814, 0.022814, 0.524722, 0.022814, 0.022814, 0.0]"
STATE_MOTOR,2386995.868058875,"[0.0007669903939428206, 0.026077673394055898, 0.5821457090026008, 0.009203884727313847, 0.010737865515199488, 0.49770190413657256]","[0.15339807878856412, 0.0, 0.0, 0.15339807878856412, 0.0, 0.0]","[0.022814, 0.0, 0.638792, 0.0, 0.0, 0.022814]"
STATE_MOTOR,2407054.441049695,"[0.003834951969714103, 0.026077673394055898, 0.5821457090026008, 0.010737865515199488, 0.010737865515199488, 0.49770190413657256]","[0.15339807878856412, 0.07669903939428206, 0.0, 0.15339807878856412, 0.0, 0.0]","[0.022814, 0.0, 0.638792, 0.0, 0.0, 0.0]"
STATE_MOTOR,2427109.5290314406,"[0.006902913545485385, 0.02761165418194154, 0.5821457090026008, 0.01227184630308513, 0.010737865515199488, 0.49770190413657256]","[0.15339807878856412, 0.0, 0.0, 0.07669903939428206, 0.0, 0.0]","[0.045628, 0.0, 0.68442, 0.0, 0.022814, 0.022814]"
STATE_MOTOR,2447172.8990320116,"[0.011504855909142308, 0.030679615757712823, 0.5821457090026008, 0.01380582709097077, 0.010737865515199488, 0.49770190413657256]","[0.23009711818284617, 0.15339807878856412, 0.0, 0.07669903939428206, 0.0, 0.0]","[0.022814, 0.0, 0.57035, 0.022814, 0.022814, 0.0]"
STATE_MOTOR,2467229.8789955676,"[0.01457281748491359, 0.035281558121369745, 0.5821457090026008, 0.01687378866674205, 0.010737865515199488, 0.49770190413657256]","[0.15339807878856412, 0.23009711818284617, 0.0, 0.07669903939428206, 0.0, 0.0]","[0.045628, 0.022814, 0.547536, 0.022814, 0.022814, 0.022814]"
STATE_MOTOR,2487288.683070801,"[0.017640779060684873, 0.03834951969714103, 0.5821457090026008, 0.018407769454627694, 0.010737865515199488, 0.49770190413657256]","[0.15339807878856412, 0.15339807878856412, 0.0, 0.07669903939428206, 0.0, 0.0]","[0.045628, 0.0, 0.661606, 0.0, 0.022814, 0.022814]"
STATE_MOTOR,2507347.0850475132,"[0.020708740636456155, 0.04141748127291231, 0.5806117282147152, 0.019941750242513333, 0.010737865515199488, 0.49770190413657256]","[0.15339807878856412, 0.15339807878856412, 0.0, 0.15339807878856412, 0.0, 0.0]","[0.045628, 0.0, 0.57035, 0.022814, 0.022814, 0.022814]"
STATE_MOTOR,2527406.099019572,"[0.023776702212227437, 0.044485442848683596, 0.5775437666389439, 0.023009711818284616, 0.010737865515199488, 0.49770190413657256]","[0.07669903939428206, 0.23009711818284617, -0.07669903939428206, 0.07669903939428206, 0.0, 0.0]","[0.045628, 0.022814, 0.57035, 0.0, 0.045628, 0.0]"
STATE_MOTOR,2547465.653042309,"[0.02531068300011308, 0.044485442848683596, 0.5775437666389439, 0.026077673394055898, 0.010737865515199488, 0.49770190413657256]","[0.15339807878856412, 0.0, -0.15339807878856412, 0.15339807878856412, 0.0, 0.0]","[0.045628, 0.0, 0.68442, 0.0, 0.022814, 0.0]"
STATE_MOTOR,2567530.916072428,"[0.029912625363770002, 0.047553404424454875, 0.5775437666389439, 0.02761165418194154, 0.01227184630308513, 0.49770190413657256]","[0.23009711818284617, 0.07669903939428206, 0.0, 0.07669903939428206, 0.0, 0.0]","[0.045628, 0.0, 0.615978, 0.022814, 0.022814, 0.022814]"
STATE_MOTOR,2587591.2620685995,"[0.032980586939541284, 0.05062136600022616, 0.5744758050631726, 0.02914563496982718, 0.015339807878856412, 0.49770190413657256]","[0.15339807878856412, 0.15339807878856412, -0.15339807878856412, 0.15339807878856412, 0.23009711818284617, 0.0]","[0.022814, 0.0, 0.615978, 0.022814, 0.045628, 0.022814]"
STATE_MOTOR,2607649.2340071127,"[0.03604854851531257, 0.05522330836388308, 0.5683398819116301, 0.032213596545598466, 0.01687378866674205, 0.49770190413657256]","[0.15339807878856412, 0.23009711818284617, -0.30679615757712825, 0.0, 0.07669903939428206, 0.0]","[0.022814, 0.0, 0.433466, 0.0, 0.045628, 0.0]"
STATE_MOTOR,2627712.122979574,"[0.03911651009108385, 0.059825250727540004, 0.5637379395479731, 0.035281558121369745, 0.019941750242513333, 0.49770190413657256]","[0.07669903939428206, 0.23009711818284617, -0.23009711818284617, 0.15339807878856412, 0.15339807878856412, 0.0]","[0.022814, 0.0, 0.365024, 0.0, 0.045628, 0.0]"
STATE_MOTOR,2647777.0160418004,"[0.04218447166685513, 0.06442719309119693, 0.5606699779722019, 0.03681553890925539, 0.023009711818284616, 0.49770190413657256]","[0.15339807878856412, 0.23009711818284617, -0.15339807878856412, 0.15339807878856412, 0.15339807878856412, 0.0]","[0.045628, 0.022814, 0.410652, 0.022814, 0.045628, 0.0]"
STATE_MOTOR,2667837.42106054,"[0.045252433242626414, 0.0674951546669682, 0.5591359971843162, 0.03988350048502667, 0.02454369260617026, 0.49770190413657256]","[0.23009711818284617, 0.15339807878856412, -0.07669903939428206, 0.15339807878856412, 0.07669903939428206, 0.0]","[0.068442, 0.022814, 0.45628, 0.0, 0.022814, 0.0]"
STATE_MOTOR,2687896.0040630773,"[0.049854375606283335, 0.07056311624273949, 0.5591359971843162, 0.04295146206079795, 0.02761165418194154, 0.49770190413657256]","[0.15339807878856412, 0.15339807878856412, 0.0, 0.07669903939428206, 0.07669903939428206, 0.0]","[0.022814, 0.0, 0.479094, 0.0, 0.022814, 0.022814]"
STATE_MOTOR,2707955.809077248,"[0.05445631796994026, 0.07209709703062514, 0.5591359971843162, 0.044485442848683596, 0.030679615757712823, 0.49770190413657256]","[0.23009711818284617, 0.15339807878856412, 0.0, 0.15339807878856412, 0.23009711818284617, 0.0]","[0.022814, 0.022814, 0.501908, 0.022814, 0.022814, 0.0]"
STATE_MOTOR,2728013.821062632,"[0.059058260333597186, 0.07209709703062514, 0.5591359971843162, 0.047553404424454875, 0.0337475773334841, 0.49770190413657256]","[0.23009711818284617, 0.0, 0.0, 0.15339807878856412, 0.15339807878856412, 0.0]","[0.045628, 0.0, 0.524722, 0.0, 0.045628, 0.022814]"
STATE_MOTOR,2748076.0699836537,"[0.0636602026972541, 0.07516505860639641, 0.5576020163964306, 0.05062136600022616, 0.03681553890925539, 0.49770190413657256]","[0.23009711818284617, 0.07669903939428206, -0.07669903939428206, 0.15339807878856412, 0.07669903939428206, 0.0]","[0.022814, 0.0, 0.638792, 0.0, 0.0, 0.0]"
STATE_MOTOR,2768136.7460172623,"[0.06672816427302539, 0.07976700097005333, 0.5576020163964306, 0.05368932757599744, 0.03834951969714103, 0.49770190413657256]","[0.23009711818284617, 0.23009711818284617, 0.0, 0.15339807878856412, 0.15339807878856412, 0.0]","[0.022814, 0.0, 0.638792, 0.022814, 0.045628, 0.022814]"
STATE_MOTOR,2788200.827082619,"[0.07133010663668231, 0.08283496254582462, 0.5576020163964306, 0.056757289151768725, 0.04141748127291231, 0.49770190413657256]","[0.15339807878856412, 0.15339807878856412, 0.0, 0.07669903939428206, 0.15339807878856412, 0.0]","[0.045628, 0.0, 0.593164, 0.022814, 0.022814, 0.0]"
STATE_MOTOR,2808261.463069357,"[0.0743980682124536, 0.08743690490948154, 0.5545340548206593, 0.05829126993965436, 0.044485442848683596, 0.49770190413657256]","[0.23009711818284617, 0.23009711818284617, -0.15339807878856412, 0.15339807878856412, 0.07669903939428206, 0.0]","[0.045628, 0.0, 0.479094, 0.022814, 0.045628, 0.0]"
STATE_MOTOR,2828324.2620527744,"[0.07900001057611052, 0.09203884727313846, 0.5514660932448879, 0.06289321230331128, 0.047553404424454875, 0.49770190413657256]","[0.15339807878856412, 0.23009711818284617, -0.15339807878856412, 0.15339807878856412, 0.23009711818284617, 0.0]","[0.045628, 0.0, 0.45628, 0.0, 0.022814, 0.0]"
STATE_MOTOR,2848383.927019313,"[0.08360195293976744, 0.09664078963679539, 0.5483981316691167, 0.06596117387908257, 0.05062136600022616, 0.49770190413657256]","[0.23009711818284617, 0.23009711818284617, -0.15339807878856412, 0.15339807878856412, 0.07669903939428206, 0.0]","[0.022814, 0.022814, 0.501908, 0.022814, 0.022814, 0.0]"
STATE_MOTOR,2868444.4130631164,"[0.08666991451553872, 0.09970875121256667, 0.5468641508812311, 0.06902913545485385, 0.05368932757599744, 0.49770190413657256]","[0.23009711818284617, 0.15339807878856412, -0.07669903939428206, 0.15339807878856412, 0.15339807878856412, 0.0]","[0.045628, 0.0, 0.45628, 0.0, 0.022814, 0.022814]"
STATE_MOTOR,2888504.8780357465,"[0.09127185687919565, 0.10277671278833796, 0.5453301700933454, 0.07056311624273949, 0.056757289151768725, 0.49770190413657256]","[0.23009711818284617, 0.15339807878856412, -0.07669903939428206, 0.15339807878856412, 0.23009711818284617, 0.0]","[0.022814, 0.0, 0.524722, 0.0, 0.022814, 0.0]"
STATE_MOTOR,2908565.634046681,"[0.09740778003073822, 0.10584467436410924, 0.5437961893054598, 0.07363107781851078, 0.059825250727540004, 0.49770190413657256]","[0.23009711818284617, 0.15339807878856412, -0.07669903939428206, 0.07669903939428206, 0.07669903939428206, 0.0]","[0.045628, 0.0, 0.433466, 0.0, 0.045628, 0.0]"
STATE_MOTOR,2928623.977000825,"[0.10200972239439514, 0.11044661672776616, 0.5407282277296885, 0.07669903939428206, 0.06289321230331128, 0.49770190413657256]","[0.15339807878856412, 0.15339807878856412, -0.07669903939428206, 0.15339807878856412, 0.15339807878856412, 0.0]","[0.022814, 0.0, 0.433466, 0.022814, 0.045628, 0.0]"
STATE_MOTOR,2948682.2300823405,"[0.10507768397016642, 0.11351457830353745, 0.5376602661539173, 0.07976700097005333, 0.0674951546669682, 0.49770190413657256]","[0.30679615757712825, 0.23009711818284617, -0.15339807878856412, 0.15339807878856412, 0.23009711818284617, 0.0]","[0.022814, 0.0, 0.410652, 0.022814, 0.022814, 0.0]"
STATE_MOTOR,2968750.447034836,"[0.10967962633382335, 0.11658253987930872, 0.5376602661539173, 0.08283496254582462, 0.07056311624273949, 0.49770190413657256]","[0.15339807878856412, 0.15339807878856412, -0.07669903939428206, 0.15339807878856412, 0.15339807878856412, 0.0]","[0.022814, 0.0, 0.501908, 0.022814, 0.022814, 0.0]"
STATE_MOTOR,2988810.091977939,"[0.11428156869748027, 0.12118448224296564, 0.5361262853660316, 0.08743690490948154, 0.07363107781851078, 0.49770190413657256]","[0.30679615757712825, 0.15339807878856412, -0.07669903939428206, 0.15339807878856412, 0.15339807878856412, 0.0]","[0.045628, 0.0, 0.547536, 0.0, 0.022814, 0.022814]"
STATE_MOTOR,3008866.8620446697,"[0.11888351106113719, 0.12578642460662257, 0.5361262853660316, 0.09050486648525283, 0.07669903939428206, 0.49770190413657256]","[0.23009711818284617, 0.23009711818284617, 0.0, 0.15339807878856412, 0.23009711818284617, 0.0]","[0.022814, 0.0, 0.615978, 0.0, 0.045628, 0.0]"
