type,timestamp,positions,velocities,torques
STATE_MOTOR,2.362998202443123,"[-0.008436894333371026, 0.007669903939428206, 0.5698738626995157, -0.0015339807878856412, -0.007669903939428206, 0.5009848982271832]","[0.0, 0.0, 0.0, 0.0, 0.0, 0.0]","[0.022814, 0.0, 0.365024, 0.0, 0.022814, 0.0]"
STATE_MOTOR,20086.68298367411,"[-0.008436894333371026, 0.007669903939428206, 0.5698738626995157, -0.0015339807878856412, -0.007669903939428206, 0.5009848982271832]","[0.0, 0.0, 0.0, 0.0, 0.0, 0.0]","[0.022814, 0.0, 0.365024, 0.0, 0.022814, 0.0]"
STATE_MOTOR,40148.01804441959,"[-0.008436894333371026, 0.007669903939428206, 0.5698738626995157, -0.0015339807878856412, -0.007669903939428206, 0.5009848982271832]","[0.0, 0.0, 0.0, 0.0, 0.0, 0.0]","[0.022814, 0.0, 0.387838, 0.0, 0.022814, 0.0]"
STATE_MOTOR,60209.0930333361,"[-0.008436894333371026, 0.007669903939428206, 0.5698738626995157, -0.0015339807878856412, -0.007669903939428206, 0.5009848982271832]","[0.0, 0.0, 0.0, 0.0, 0.0, 0.0]","[0.022814, 0.022814, 0.45628, 0.0, 0.022814, 0.0]"
STATE_MOTOR,80274.59401637316,"[-0.008436894333371026, 0.007669903939428206, 0.5698738626995157, -0.0015339807878856412, -0.007669903939428206, 0.5009848982271832]","[0.0, 0.0, 0.0, 0.0, 0.0, 0.0]","[0.022814, 0.022814, 0.365024, 0.0, 0.022814, 0.022814]"
STATE_MOTOR,100332.74407032877,"[-0.008436894333371026, 0.007669903939428206, 0.5698738626995157, -0.0015339807878856412, -0.007669903939428206, 0.5009848982271832]","[0.0, 0.0, 0.0, 0.0, 0.0, 0.0]","[0.022814, 0.022814, 0.365024, 0.0, 0.022814, 0.0]"
STATE_MOTOR,120391.33498910815,"[-0.008436894333371026, 0.007669903939428206, 0.5698738626995157, -0.0015339807878856412, -0.007669903939428206, 0.5009848982271832]","[0.0, 0.0, 0.0, 0.0, 0.0, 0.0]","[0.022814, 0.022814, 0.365024, 0.0, 0.0, 0.022814]"
STATE_MOTOR,140447.63299170882,"[-0.008436894333371026, 0.007669903939428206, 0.5698738626995157, -0.0015339807878856412, -0.007669903939428206, 0.5009848982271832]","[0.0, 0.0, 0.0, 0.0, 0.0, 0.0]","[0.022814, 0.022814, 0.387838, 0.0, 0.0, 0.0]"
STATE_MOTOR,160506.6549964249,"[-0.008436894333371026, 0.007669903939428206, 0.5698738626995157, -0.0015339807878856412, -0.007669903939428206, 0.5009848982271832]","[0.0, 0.0, 0.0, 0.0, 0.0, 0.0]","[0.022814, 0.0, 0.479094, 0.0, 0.0, 0.0]"
STATE_MOTOR,180564.63496759534,"[-0.008436894333371026, 0.007669903939428206, 0.5698738626995157, -0.0015339807878856412, -0.007669903939428206, 0.5009848982271832]","[0.0, 0.0, 0.0, 0.0, 0.0, 0.0]","[0.022814, 0.0, 0.410652, 0.0, 0.0, 0.0]"
STATE_MOTOR,200625.56897755712,"[-0.008436894333371026, 0.007669903939428206, 0.5698738626995157, -0.0015339807878856412, -0.007669903939428206, 0.5009848982271832]","[0.0, 0.0, 0.0, 0.0, 0.0, 0.0]","[0.022814, 0.022814, 0.387838, 0.0, 0.022814, 0.0]"
STATE_MOTOR,220690.630027093,"[-0.008436894333371026, 0.007669903939428206, 0.5698738626995157, -0.0015339807878856412, -0.007669903939428206, 0.5009848982271832]","[0.0, 0.0, 0.0, 0.0, 0.0, 0.0]","[0.022814, 0.0, 0.433466, 0.0, 0.022814, 0.022814]"
STATE_MOTOR,240749.55203104764,"[-0.008436894333371026, 0.007669903939428206, 0.5698738626995157, -0.0015339807878856412, -0.007669903939428206, 0.5009848982271832]","[0.0, 0.0, 0.0, 0.0, 0.0, 0.0]","[0.0, 0.022814, 0.387838, 0.0, 0.022814, 0.0]"
STATE_MOTOR,260808.44306852669,"[-0.008436894333371026, 0.007669903939428206, 0.5698738626995157, -0.0015339807878856412, -0.007669903939428206, 0.5009848982271832]","[0.0, 0.0, 0.0, 0.0, 0.0, 0.0]","[0.022814, 0.0, 0.45628, 0.0, 0.0, 0.0]"
STATE_MOTOR,280870.0989698991,"[-0.008436894333371026, 0.007669903939428206, 0.5698738626995157, -0.0015339807878856412, -0.007669903939428206, 0.5009848982271832]","[0.0, 0.0, 0.0, 0.0, 0.0, 0.0]","[0.022814, 0.022814, 0.365024, 0.0, 0.0, 0.022814]"
STATE_MOTOR,300931.6240204498,"[-0.008436894333371026, 0.007669903939428206, 0.5698738626995157, -0.0015339807878856412, -0.007669903939428206, 0.5009848982271832]","[0.0, 0.0, 0.0, 0.0, 0.0, 0.0]","[0.0, 0.0, 0.365024, 0.0, 0.0, 0.0]"
STATE_MOTOR,320987.9819769412,"[-0.008436894333371026, 0.007669903939428206, 0.5698738626995157, -0.0015339807878856412, -0.007669903939428206, 0.5009848982271832]","[0.0, 0.0, 0.0, 0.0, 0.0, 0.0]","[0.0, 0.0, 0.365024, 0.0, 0.022814, 0.0]"
STATE_MOTOR,341046.08197230846,"[-0.008436894333371026, 0.007669903939428206, 0.5698738626995157, -0.0015339807878856412, -0.007669903939428206, 0.5009848982271832]","[0.0, 0.0, 0.0, 0.0, 0.0, 0.0]","[0.022814, 0.0, 0.45628, 0.0, 0.0, 0.0]"
STATE_MOTOR,361106.46603628993,"[-0.008436894333371026, 0.007669903939428206, 0.5698738626995157, -0.0015339807878856412, -0.007669903939428206, 0.5009848982271832]","[0.0, 0.0, 0.0, 0.0, 0.0, 0.0]","[0.022814, 0.0, 0.365024, 0.0, 0.022814, 0.0]"
STATE_MOTOR,381162.27299906313,"[-0.008436894333371026, 0.007669903939428206, 0.5698738626995157, -0.0015339807878856412, -0.007669903939428206, 0.5009848982271832]","[0.0, 0.0, 0.0, 0.0, 0.0, 0.0]","[0.0, 0.0, 0.365024, 0.0, 0.022814, 0.0]"
STATE_MOTOR,401229.7970475629,"[-0.008436894333371026, 0.007669903939428206, 0.5698738626995157, -0.0015339807878856412, -0.007669903939428206, 0.5009848982271832]","[0.0, 0.0, 0.0, 0.0, 0.0, 0.0]","[0.0, 0.022814, 0.387838, 0.0, 0.0, 0.0]"
STATE_MOTOR,421290.5609747395,"[-0.008436894333371026, 0.007669903939428206, 0.5698738626995157, -0.0015339807878856412, -0.007669903939428206, 0.5009848982271832]","[0.0, 0.0, 0.0, 0.0, 0.0, 0.0]","[0.0, 0.022814, 0.387838, 0.0, 0.0, 0.0]"
STATE_MOTOR,441354.1000103578,"[-0.008436894333371026, 0.007669903939428206, 0.5698738626995157, -0.0015339807878856412, -0.007669903939428206, 0.5009848982271832]","[0.0, 0.0, 0.0, 0.0, 0.0, 0.0]","[0.0, 0.022814, 0.410652, 0.0, 0.022814, 0.022814]"
STATE_MOTOR,461415.5050367117,"[-0.008436894333371026, 0.007669903939428206, 0.5698738626995157, -0.0015339807878856412, -0.007669903939428206, 0.5009848982271832]","[0.0, 0.0, 0.0, 0.0, 0.0, 0.0]","[0.022814, 0.022814, 0.365024, 0.0, 0.0, 0.022814]"
STATE_MOTOR,481484.29102730006,"[-0.008436894333371026, 0.007669903939428206, 0.5698738626995157, -0.0015339807878856412, -0.007669903939428206, 0.5009848982271832]","[0.0, 0.0, 0.0, 0.0, 0.0, 0.0]","[0.022814, 0.0, 0.387838, 0.0, 0.022814, 0.0]"
STATE_MOTOR,501544.58498582244,"[-0.008436894333371026, 0.007669903939428206, 0.5698738626995157, -0.0015339807878856412, -0.007669903939428206, 0.5009848982271832]","[0.0, 0.0, 0.0, 0.0, 0.0, 0.0]","[0.022814, 0.0, 0.365024, 0.0, 0.022814, 0.0]"
STATE_MOTOR,521603.7869686261,"[-0.008436894333371026, 0.007669903939428206, 0.5698738626995157, -0.0015339807878856412, -0.007669903939428206, 0.5009848982271832]","[0.0, 0.0, 0.0, 0.0, 0.0, 0.0]","[0.022814, 0.0, 0.365024, 0.0, 0.022814, 0.0]"
STATE_MOTOR,541663.9699833468,"[-0.008436894333371026, 0.007669903939428206, 0.5698738626995157, -0.0015339807878856412, -0.007669903939428206, 0.5009848982271832]","[0.0, 0.0, 0.0, 0.0, 0.0, 0.0]","[0.022814, 0.0, 0.365024, 0.0, 0.022814, 0.0]"
STATE_MOTOR,561726.7970228568,"[-0.008436894333371026, 0.007669903939428206, 0.5698738626995157, -0.0015339807878856412, -0.007669903939428206, 0.5009848982271832]","[0.0, 0.0, 0.0, 0.0, 0.0, 0.0]","[0.022814, 0.0, 0.365024, 0.0, 0.0, 0.0]"
STATE_MOTOR,581788.1230032071,"[-0.008436894333371026, 0.007669903939428206, 0.5698738626995157, -0.0015339807878856412, -0.007669903939428206, 0.5009848982271832]","[0.0, 0.0, 0.0, 0.0, 0.0, 0.0]","[0.022814, 0.022814, 0.365024, 0.0, 0.0, 0.0]"
STATE_MOTOR,601847.8350015357,"[-0.008436894333371026, 0.007669903939428206, 0.5698738626995157, -0.0015339807878856412, -0.007669903939428206, 0.5009848982271832]","[0.0, 0.0, 0.0, 0.0, 0.0, 0.0]","[0.022814, 0.022814, 0.365024, 0.0, 0.022814, 0.0]"
STATE_MOTOR,621903.7120463327,"[-0.008436894333371026, 0.007669903939428206, 0.5698738626995157, -0.0015339807878856412, -0.007669903939428206, 0.5009848982271832]","[0.0, 0.0, 0.0, 0.0, 0.0, 0.0]","[0.022814, 0.022814, 0.365024, 0.0, 0.022814, 0.0]"
STATE_MOTOR,641959.5790794119,"[-0.008436894333371026, 0.007669903939428206, 0.5698738626995157, -0.0015339807878856412, -0.007669903939428206, 0.5009848982271832]","[0.0, 0.0, 0.0, 0.0, 0.0, 0.0]","[0.022814, 0.022814, 0.365024, 0.0, 0.022814, 0.0]"
STATE_MOTOR,662026.5929959714,"[-0.008436894333371026, 0.007669903939428206, 0.5698738626995157, -0.0015339807878856412, -0.007669903939428206, 0.5009848982271832]","[0.0, 0.0, 0.0, 0.0, 0.0, 0.0]","[0.022814, 0.022814, 0.365024, 0.0, 0.0, 0.022814]"
STATE_MOTOR,682098.5639933497,"[-0.008436894333371026, 0.007669903939428206, 0.5698738626995157, -0.0015339807878856412, -0.007669903939428206, 0.5009848982271832]","[0.0, 0.0, 0.0, 0.0, 0.0, 0.0]","[0.022814, 0.0, 0.365024, 0.0, 0.022814, 0.0]"
STATE_MOTOR,702154.5310271904,"[-0.008436894333371026, 0.007669903939428206, 0.5698738626995157, -0.0015339807878856412, -0.007669903939428206, 0.5009848982271832]","[0.0, 0.0, 0.0, 0.0, 0.0, 0.0]","[0.0, 0.0, 0.433466, 0.0, 0.022814, 0.0]"
STATE_MOTOR,722211.6700140759,"[-0.008436894333371026, 0.007669903939428206, 0.5698738626995157, -0.0015339807878856412, -0.007669903939428206, 0.5009848982271832]","[0.0, 0.0, 0.0, 0.0, 0.0, 0.0]","[0.022814, 0.0, 0.410652, 0.0, 0.022814, 0.0]"
STATE_MOTOR,742272.675037384,"[-0.008436894333371026, 0.007669903939428206, 0.5698738626995157, -0.0015339807878856412, -0.007669903939428206, 0.5009848982271832]","[0.0, 0.0, 0.0, 0.0, 0.0, 0.0]","[0.0, 0.022814, 0.479094, 0.0, 0.022814, 0.022814]"
STATE_MOTOR,762339.2880195752,"[-0.008436894333371026, 0.007669903939428206, 0.5698738626995157, -0.0015339807878856412, -0.007669903939428206, 0.5009848982271832]","[0.0, 0.0, 0.0, 0.0, 0.0, 0.0]","[0.022814, 0.0, 0.433466, 0.0, 0.022814, 0.022814]"
STATE_MOTOR,782408.0639984459,"[-0.008436894333371026, 0.007669903939428206, 0.5698738626995157, -0.0015339807878856412, -0.007669903939428206, 0.5009848982271832]","[0.0, 0.0, 0.0, 0.0, 0.0, 0.0]","[0.022814, 0.0, 0.479094, 0.0, 0.022814, 0.0]"
STATE_MOTOR,802466.8250000104,"[-0.008436894333371026, 0.007669903939428206, 0.5698738626995157, -0.0015339807878856412, -0.007669903939428206, 0.5009848982271832]","[0.0, 0.0, 0.0, 0.0, 0.0, 0.0]","[0.022814, 0.0, 0.365024, 0.0, 0.022814, 0.0]"
STATE_MOTOR,822526.1770421639,"[-0.008436894333371026, 0.007669903939428206, 0.5698738626995157, -0.0015339807878856412, -0.007669903939428206, 0.5009848982271832]","[0.0, 0.0, 0.0, 0.0, 0.0, 0.0]","[0.022814, 0.0, 0.365024, 0.0, 0.0, 0.0]"
STATE_MOTOR,842584.4580633566,"[-0.008436894333371026, 0.007669903939428206, 0.5698738626995157, -0.0015339807878856412, -0.007669903939428206, 0.5009848982271832]","[0.0, 0.0, 0.0, 0.0, 0.0, 0.0]","[0.022814, 0.022814, 0.365024, 0.0, 0.0, 0.0]"
STATE_MOTOR,862642.0870423317,"[-0.008436894333371026, 0.007669903939428206, 0.5698738626995157, -0.0015339807878856412, -0.007669903939428206, 0.5009848982271832]","[0.0, 0.0, 0.0, 0.0, 0.0, 0.0]","[0.022814, 0.0, 0.387838, 0.0, 0.0, 0.0]"
STATE_MOTOR,882701.3489790261,"[-0.008436894333371026, 0.007669903939428206, 0.5698738626995157, -0.0015339807878856412, -0.007669903939428206, 0.5009848982271832]","[0.0, 0.0, 0.0, 0.0, 0.0, 0.0]","[0.022814, 0.022814, 0.524722, 0.0, 0.022814, 0.0]"
STATE_MOTOR,902759.88006033,"[-0.008436894333371026, 0.007669903939428206, 0.5698738626995157, -0.0015339807878856412, -0.007669903939428206, 0.5009848982271832]","[0.0, 0.0, 0.0, 0.0, 0.0, 0.0]","[0.022814, 0.022814, 0.365024, 0.0, 0.022814, 0.0]"
STATE_MOTOR,922821.4760078117,"[-0.008436894333371026, 0.007669903939428206, 0.5698738626995157, -0.0015339807878856412, -0.007669903939428206, 0.5009848982271832]","[0.0, 0.0, 0.0, 0.0, 0.0, 0.0]","[0.022814, 0.0, 0.410652, 0.0, 0.0, 0.0]"
STATE_MOTOR,942881.1890538782,"[-0.008436894333371026, 0.007669903939428206, 0.5698738626995157, -0.0015339807878856412, -0.007669903939428206, 0.5009848982271832]","[0.0, 0.0, 0.0, 0.0, 0.0, 0.0]","[0.022814, 0.022814, 0.433466, 0.0, 0.022814, 0.0]"
STATE_MOTOR,962944.6970066056,"[-0.008436894333371026, 0.007669903939428206, 0.5698738626995157, -0.0015339807878856412, -0.007669903939428206, 0.5009848982271832]","[0.0, 0.0, 0.0, 0.0, 0.0, 0.0]","[0.0, 0.0, 0.365024, 0.0, 0.022814, 0.0]"
STATE_MOTOR,983007.4040219188,"[-0.008436894333371026, 0.007669903939428206, 0.5698738626995157, -0.0015339807878856412, -0.007669903939428206, 0.5009848982271832]","[0.0, 0.0, 0.0, 0.0, 0.0, 0.0]","[0.0, 0.0, 0.387838, 0.0, 0.0, 0.0]"
STATE_MOTOR,1003067.5070593134,"[-0.008436894333371026, 0.007669903939428206, 0.5698738626995157, -0.0015339807878856412, -0.007669903939428206, 0.5009848982271832]","[0.0, 0.0, 0.0, 0.0, 0.0, 0.0]","[0.022814, 0.0, 0.365024, 0.0, 0.022814, 0.0]"
STATE_MOTOR,1023154.731024988,"[-0.008436894333371026, 0.007669903939428206, 0.5698738626995157, -0.0015339807878856412, -0.007669903939428206, 0.5009848982271832]","[0.0, 0.0, 0.0, 0.0, 0.0, 0.0]","[0.022814, 0.022814, 0.410652, 0.0, 0.0, 0.0]"
STATE_MOTOR,1043220.6930126995,"[-0.008436894333371026, 0.007669903939428206, 0.5698738626995157, -0.0015339807878856412, -0.007669903939428206, 0.5009848982271832]","[0.0, 0.0, 0.0, 0.0, 0.0, 0.0]","[0.0, 0.022814, 0.34221, 0.0, 0.0, 0.0]"
STATE_MOTOR,1063283.751020208,"[-0.008436894333371026, 0.007669903939428206, 0.5698738626995157, -0.0015339807878856412, -0.007669903939428206, 0.5009848982271832]","[0.0, 0.0, 0.0, 0.0, 0.0, 0.0]","[0.0, 0.022814, 0.433466, 0.0, 0.0, 0.0]"
STATE_MOTOR,1083341.5710367262,"[-0.008436894333371026, 0.007669903939428206, 0.5698738626995157, -0.0015339807878856412, -0.007669903939428206, 0.5009848982271832]","[0.0, 0.0, 0.0, 0.0, 0.0, 0.0]","[0.022814, 0.0, 0.365024, 0.0, 0.022814, 0.022814]"
STATE_MOTOR,1103400.4819812253,"[-0.008436894333371026, 0.007669903939428206, 0.5698738626995157, -0.0015339807878856412, -0.007669903939428206, 0.5009848982271832]","[0.0, 0.0, 0.0, 0.0, 0.0, 0.0]","[0.022814, 0.022814, 0.387838, 0.0, 0.022814, 0.0]"
STATE_MOTOR,1123458.9130617678,"[-0.008436894333371026, 0.007669903939428206, 0.5698738626995157, -0.0015339807878856412, -0.007669903939428206, 0.5009848982271832]","[0.0, 0.0, 0.0, 0.0, 0.0, 0.0]","[0.0, 0.0, 0.387838, 0.0, 0.022814, 0.0]"
STATE_MOTOR,1143519.1170312464,"[-0.008436894333371026, 0.007669903939428206, 0.5698738626995157, -0.0015339807878856412, -0.007669903939428206, 0.5009848982271832]","[0.0, 0.0, 0.0, 0.0, 0.0, 0.0]","[0.0, 0.0, 0.433466, 0.0, 0.0, 0.0]"
STATE_MOTOR,1163585.158996284,"[-0.008436894333371026, 0.007669903939428206, 0.5698738626995157, -0.0015339807878856412, -0.007669903939428206, 0.5009848982271832]","[0.0, 0.0, 0.0, 0.0, 0.0, 0.0]","[0.0, 0.022814, 0.365024, 0.0, 0.0, 0.0]"
STATE_MOTOR,1183643.019059673,"[-0.008436894333371026, 0.007669903939428206, 0.5698738626995157, -0.0015339807878856412, -0.007669903939428206, 0.5009848982271832]","[0.0, 0.0, 0.0, 0.0, 0.0, 0.0]","[0.022814, 0.0, 0.34221, 0.0, 0.0, 0.0]"
STATE_MOTOR,1203705.7260749862,"[-0.008436894333371026, 0.007669903939428206, 0.5698738626995157, -0.0015339807878856412, -0.007669903939428206, 0.5009848982271832]","[0.0, 0.0, 0.0, 0.0, 0.0, 0.0]","[0.022814, 0.0, 0.387838, 0.0, 0.022814, 0.0]"
STATE_MOTOR,1223767.5719661638,"[-0.008436894333371026, 0.007669903939428206, 0.5698738626995157, -0.0015339807878856412, -0.007669903939428206, 0.5009848982271832]","[0.0, 0.0, 0.0, 0.0, 0.0, 0.0]","[0.022814, 0.0, 0.410652, 0.0, 0.0, 0.022814]"
STATE_MOTOR,1243824.5200319216,"[-0.008436894333371026, 0.007669903939428206, 0.5698738626995157, -0.0015339807878856412, -0.007669903939428206, 0.5009848982271832]","[0.0, 0.0, 0.0, 0.0, 0.0, 0.0]","[0.022814, 0.022814, 0.365024, 0.0, 0.022814, 0.0]"
STATE_MOTOR,1263892.3950726166,"[-0.008436894333371026, 0.007669903939428206, 0.5698738626995157, -0.0015339807878856412, -0.007669903939428206, 0.5009848982271832]","[0.0, 0.0, 0.0, 0.0, 0.0, 0.0]","[0.022814, 0.022814, 0.479094, 0.0, 0.0, 0.0]"
STATE_MOTOR,1283950.6859891117,"[-0.008436894333371026, 0.007669903939428206, 0.5698738626995157, -0.0015339807878856412, -0.007669903939428206, 0.5009848982271832]","[0.0, 0.0, 0.0, 0.0, 0.0, 0.0]","[0.0, 0.0, 0.365024, 0.0, 0.022814, 0.0]"
STATE_MOTOR,1304009.3070594594,"[-0.008436894333371026, 0.007669903939428206, 0.5698738626995157, -0.0015339807878856412, -0.007669903939428206, 0.5009848982271832]","[0.0, 0.0, 0.0, 0.0, 0.0, 0.0]","[0.022814, 0.0, 0.387838, 0.0, 0.022814, 0.022814]"
STATE_MOTOR,1324067.2970423475,"[-0.008436894333371026, 0.007669903939428206, 0.5698738626995157, -0.0015339807878856412, -0.007669903939428206, 0.5009848982271832]","[0.0, 0.0, 0.0, 0.0, 0.0, 0.0]","[0.022814, 0.022814, 0.479094, 0.0, 0.0, 0.0]"
STATE_MOTOR,1344126.1789994314,"[-0.008436894333371026, 0.007669903939428206, 0.5698738626995157, -0.0015339807878856412, -0.007669903939428206, 0.5009848982271832]","[0.0, 0.0, 0.0, 0.0, 0.0, 0.0]","[0.0, 0.022814, 0.387838, 0.0, 0.022814, 0.0]"
STATE_MOTOR,1364185.5210298672,"[-0.008436894333371026, 0.007669903939428206, 0.5698738626995157, -0.0015339807878856412, -0.007669903939428206, 0.5009848982271832]","[0.0, 0.0, 0.0, 0.0, 0.0, 0.0]","[0.022814, 0.0, 0.45628, 0.0, 0.022814, 0.022814]"
STATE_MOTOR,1384246.9160445035,"[-0.008436894333371026, 0.007669903939428206, 0.5698738626995157, -0.0015339807878856412, -0.007669903939428206, 0.5009848982271832]","[0.0, 0.0, 0.0, 0.0, 0.0, 0.0]","[0.022814, 0.0, 0.433466, 0.0, 0.022814, 0.0]"
STATE_MOTOR,1404310.2640425786,"[-0.008436894333371026, 0.007669903939428206, 0.5698738626995157, -0.0015339807878856412, -0.007669903939428206, 0.5009848982271832]","[0.0, 0.0, 0.0, 0.0, 0.0, 0.0]","[0.022814, 0.0, 0.365024, 0.0, 0.0, 0.0]"
STATE_MOTOR,1424369.4660253823,"[-0.008436894333371026, 0.007669903939428206, 0.5698738626995157, -0.0015339807878856412, -0.007669903939428206, 0.5009848982271832]","[0.0, 0.0, 0.0, 0.0, 0.0, 0.0]","[0.022814, 0.022814, 0.365024, 0.0, 0.0, 0.0]"
STATE_MOTOR,1444440.586026758,"[-0.008436894333371026, 0.007669903939428206, 0.5698738626995157, -0.0015339807878856412, -0.007669903939428206, 0.5009848982271832]","[0.0, 0.0, 0.0, 0.0, 0.0, 0.0]","[0.022814, 0.022814, 0.45628, 0.0, 0.022814, 0.0]"
STATE_MOTOR,1464501.6810391098,"[-0.008436894333371026, 0.007669903939428206, 0.5698738626995157, -0.0015339807878856412, -0.007669903939428206, 0.5009848982271832]","[0.0, 0.0, 0.0, 0.0, 0.0, 0.0]","[0.0, 0.022814, 0.387838, 0.0, 0.022814, 0.0]"
STATE_MOTOR,1484562.635072507,"[-0.008436894333371026, 0.007669903939428206, 0.5698738626995157, -0.0015339807878856412, -0.007669903939428206, 0.5009848982271832]","[0.0, 0.0, 0.0, 0.0, 0.0, 0.0]","[0.022814, 0.0, 0.410652, 0.0, 0.022814, 0.022814]"
STATE_MOTOR,1504621.4059693739,"[-0.008436894333371026, 0.007669903939428206, 0.5698738626995157, -0.0015339807878856412, -0.007669903939428206, 0.5009848982271832]","[0.0, 0.0, 0.0, 0.0, 0.0, 0.0]","[0.022814, 0.0, 0.45628, 0.0, 0.0, 0.0]"
STATE_MOTOR,1524682.410992682,"[-0.008436894333371026, 0.007669903939428206, 0.5698738626995157, -0.0015339807878856412, -0.007669903939428206, 0.5009848982271832]","[0.0, 0.0, 0.0, 0.0, 0.0, 0.0]","[0.022814, 0.0, 0.365024, 0.0, 0.022814, 0.0]"
STATE_MOTOR,1544741.432997398,"[-0.008436894333371026, 0.007669903939428206, 0.5698738626995157, -0.0015339807878856412, -0.007669903939428206, 0.5009848982271832]","[0.0, 0.0, 0.0, 0.0, 0.0, 0.0]","[0.022814, 0.0, 0.365024, 0.0, 0.0, 0.0]"
STATE_MOTOR,1564803.5290651023,"[-0.008436894333371026, 0.007669903939428206, 0.5698738626995157, -0.0015339807878856412, -0.007669903939428206, 0.5009848982271832]","[0.0, 0.0, 0.0, 0.0, 0.0, 0.0]","[0.0, 0.022814, 0.387838, 0.0, 0.022814, 0.0]"
STATE_MOTOR,1584862.5709768385,"[-0.008436894333371026, 0.007669903939428206, 0.5698738626995157, -0.0015339807878856412, -0.007669903939428206, 0.5009848982271832]","[0.0, 0.0, 0.0, 0.0, 0.0, 0.0]","[0.0, 0.0, 0.365024, 0.0, 0.022814, 0.0]"
STATE_MOTOR,1604922.6339673623,"[-0.008436894333371026, 0.007669903939428206, 0.5698738626995157, -0.0015339807878856412, -0.007669903939428206, 0.5009848982271832]","[0.0, 0.0, 0.0, 0.0, 0.0, 0.0]","[0.022814, 0.0, 0.365024, 0.0, 0.0, 0.022814]"
STATE_MOTOR,1624982.6970743015,"[-0.008436894333371026, 0.007669903939428206, 0.5698738626995157, -0.0015339807878856412, -0.007669903939428206, 0.5009848982271832]","[0.0, 0.0, 0.0, 0.0, 0.0, 0.0]","[0.022814, 0.022814, 0.479094, 0.0, 0.022814, 0.0]"
STATE_MOTOR,1645050.7120462134,"[-0.008436894333371026, 0.007669903939428206, 0.5698738626995157, -0.0015339807878856412, -0.007669903939428206, 0.5009848982271832]","[0.0, 0.0, 0.0, 0.0, 0.0, 0.0]","[0.022814, 0.0, 0.365024, 0.0, 0.0, 0.0]"
STATE_MOTOR,1665112.5280186534,"[-0.008436894333371026, 0.007669903939428206, 0.5698738626995157, -0.0015339807878856412, -0.007669903939428206, 0.5009848982271832]","[0.0, 0.0, 0.0, 0.0, 0.0, 0.0]","[0.022814, 0.0, 0.34221, 0.0, 0.0, 0.0]"
STATE_MOTOR,1685169.667005539,"[-0.008436894333371026, 0.007669903939428206, 0.5698738626995157, -0.0015339807878856412, -0.007669903939428206, 0.5009848982271832]","[0.0, 0.0, 0.0, 0.0, 0.0, 0.0]","[0.022814, 0.0, 0.365024, 0.0, 0.022814, 0.0]"
STATE_MOTOR,1705227.717058733,"[-0.008436894333371026, 0.007669903939428206, 0.5698738626995157, -0.0015339807878856412, -0.007669903939428206, 0.5009848982271832]","[0.0, 0.0, 0.0, 0.0, 0.0, 0.0]","[0.022814, 0.0, 0.365024, 0.0, 0.0, 0.022814]"
STATE_MOTOR,1725290.9949747846,"[-0.008436894333371026, 0.007669903939428206, 0.5698738626995157, -0.0015339807878856412, -0.007669903939428206, 0.5009848982271832]","[0.0, 0.0, 0.0, 0.0, 0.0, 0.0]","[0.022814, 0.022814, 0.479094, 0.0, 0.022814, 0.0]"
STATE_MOTOR,1745358.5700131953,"[-0.008436894333371026, 0.007669903939428206, 0.5698738626995157, -0.0015339807878856412, -0.007669903939428206, 0.5009848982271832]","[0.0, 0.0, 0.0, 0.0, 0.0, 0.0]","[0.022814, 0.022814, 0.365024, 0.0, 0.022814, 0.022814]"
STATE_MOTOR,1765417.3109913245,"[-0.008436894333371026, 0.007669903939428206, 0.5698738626995157, -0.0015339807878856412, -0.007669903939428206, 0.5009848982271832]","[0.0, 0.0, 0.0, 0.0, 0.0, 0.0]","[0.022814, 0.0, 0.501908, 0.0, 0.0, 0.0]"
STATE_MOTOR,1785478.4260271117,"[-0.008436894333371026, 0.007669903939428206, 0.5698738626995157, -0.0015339807878856412, -0.007669903939428206, 0.5009848982271832]","[0.0, 0.0, 0.0, 0.0, 0.0, 0.0]","[0.0, 0.0, 0.365024, 0.0, 0.022814, 0.0]"
STATE_MOTOR,1805537.6880802214,"[-0.008436894333371026, 0.007669903939428206, 0.5698738626995157, -0.0015339807878856412, -0.007669903939428206, 0.5009848982271832]","[0.0, 0.0, 0.0, 0.0, 0.0, 0.0]","[0.022814, 0.022814, 0.387838, 0.0, 0.0, 0.0]"
STATE_MOTOR,1825593.485031277,"[-0.008436894333371026, 0.007669903939428206, 0.5698738626995157, -0.0015339807878856412, -0.007669903939428206, 0.5009848982271832]","[0.0, 0.0, 0.0, 0.0, 0.0, 0.0]","[0.022814, 0.022814, 0.410652, 0.0, 0.022814, 0.0]"
STATE_MOTOR,1845650.6839720532,"[-0.008436894333371026, 0.007669903939428206, 0.5698738626995157, -0.0015339807878856412, -0.007669903939428206, 0.5009848982271832]","[0.0, 0.0, 0.0, 0.0, 0.0, 0.0]","[0.022814, 0.0, 0.501908, 0.0, 0.0, 0.0]"
STATE_MOTOR,1865706.9810433313,"[-0.008436894333371026, 0.007669903939428206, 0.5698738626995157, -0.0015339807878856412, -0.007669903939428206, 0.5009848982271832]","[0.0, 0.0, 0.0, 0.0, 0.0, 0.0]","[0.022814, 0.0, 0.365024, 0.0, 0.022814, 0.0]"
STATE_MOTOR,1885762.3480726033,"[-0.008436894333371026, 0.007669903939428206, 0.5698738626995157, -0.0015339807878856412, -0.007669903939428206, 0.5009848982271832]","[0.0, 0.0, 0.0, 0.0, 0.0, 0.0]","[0.022814, 0.0, 0.433466, 0.0, 0.022814, 0.0]"
STATE_MOTOR,1905818.4250025079,"[-0.008436894333371026, 0.007669903939428206, 0.5698738626995157, -0.0015339807878856412, -0.007669903939428206, 0.5009848982271832]","[0.0, 0.0, 0.0, 0.0, 0.0, 0.0]","[0.0, 0.0, 0.433466, 0.0, 0.0, 0.0]"
STATE_MOTOR,1925875.3440808505,"[-0.008436894333371026, 0.007669903939428206, 0.5698738626995157, -0.0015339807878856412, -0.007669903939428206, 0.5009848982271832]","[0.0, 0.0, 0.0, 0.0, 0.0, 0.0]","[0.022814, 0.022814, 0.479094, 0.0, 0.0, 0.0]"
STATE_MOTOR,1945932.3920309544,"[-0.008436894333371026, 0.007669903939428206, 0.5698738626995157, -0.0015339807878856412, -0.007669903939428206, 0.5009848982271832]","[0.0, 0.0, 0.0, 0.0, 0.0, 0.0]","[0.0, 0.0, 0.433466, 0.0, 0.022814, 0.0]"
STATE_MOTOR,1965992.5560699776,"[-0.008436894333371026, 0.007669903939428206, 0.5698738626995157, -0.0015339807878856412, -0.007669903939428206, 0.5009848982271832]","[0.0, 0.0, 0.0, 0.0, 0.0, 0.0]","[0.022814, 0.022814, 0.45628, 0.0, 0.0, 0.0]"
STATE_MOTOR,1986053.9810033515,"[-0.008436894333371026, 0.007669903939428206, 0.5698738626995157, -0.0015339807878856412, -0.007669903939428206, 0.5009848982271832]","[0.0, 0.0, 0.0, 0.0, 0.0, 0.0]","[0.022814, 0.022814, 0.365024, 0.0, 0.022814, 0.0]"
STATE_MOTOR,2006097.530014813,"[-0.008436894333371026, 0.007669903939428206, 0.5698738626995157, -0.0015339807878856412, -0.007669903939428206, 0.5009848982271832]","[0.0, 0.0, 0.0, 0.0, 0.0, 0.0]","[0.022814, 0.0, 0.365024, 0.0, 0.022814, 0.0]"
STATE_MOTOR,2026212.7850437537,"[-0.008436894333371026, 0.007669903939428206, 0.5698738626995157, -0.0015339807878856412, -0.007669903939428206, 0.5009848982271832]","[0.0, 0.0, 0.0, 0.0, 0.0, 0.0]","[0.0, 0.022814, 0.410652, 0.0, 0.022814, 0.0]"
STATE_MOTOR,2046275.6630731747,"[-0.008436894333371026, 0.007669903939428206, 0.5698738626995157, -0.0015339807878856412, -0.007669903939428206, 0.5009848982271832]","[0.0, 0.0, 0.0, 0.0, 0.0, 0.0]","[0.022814, 0.0, 0.365024, 0.0, 0.022814, 0.0]"
STATE_MOTOR,2066342.436010018,"[-0.008436894333371026, 0.007669903939428206, 0.5698738626995157, -0.0015339807878856412, -0.007669903939428206, 0.5009848982271832]","[0.0, 0.0, 0.0, 0.0, 0.0, 0.0]","[0.022814, 0.0, 0.410652, 0.0, 0.022814, 0.0]"
STATE_MOTOR,2086387.7170486376,"[-0.008436894333371026, 0.007669903939428206, 0.5698738626995157, -0.0015339807878856412, -0.007669903939428206, 0.5009848982271832]","[0.0, 0.0, 0.0, 0.0, 0.0, 0.0]","[0.0, 0.0, 0.387838, 0.0, 0.022814, 0.0]"
STATE_MOTOR,2106445.817044005,"[-0.008436894333371026, 0.007669903939428206, 0.5698738626995157, -0.0015339807878856412, -0.007669903939428206, 0.5009848982271832]","[0.0, 0.0, 0.0, 0.0, 0.0, 0.0]","[0.0, 0.022814, 0.22814, 0.0, 0.022814, 0.0]"
STATE_MOTOR,2126504.809013568,"[-0.008436894333371026, 0.007669903939428206, 0.5698738626995157, -0.0015339807878856412, -0.007669903939428206, 0.5009848982271832]","[0.0, 0.0, 0.0, 0.0, 0.0, 0.0]","[0.0, 0.0, 0.205326, 0.0, 0.022814, 0.0]"
STATE_MOTOR,2146564.8320736364,"[-0.008436894333371026, 0.007669903939428206, 0.5698738626995157, -0.0015339807878856412, -0.007669903939428206, 0.5009848982271832]","[0.0, 0.0, 0.0, 0.0, 0.0, 0.0]","[0.022814, 0.0, 0.182512, 0.0, 0.022814, 0.0]"
STATE_MOTOR,2166621.691081673,"[-0.008436894333371026, 0.010737865515199488, 0.5698738626995157, -0.0015339807878856412, -0.007669903939428206, 0.5009848982271832]","[0.0, 0.0, 0.0, 0.0, 0.0, 0.0]","[0.022814, 0.022814, 0.136884, 0.0, 0.022814, 0.0]"
STATE_MOTOR,2186680.7820042595,"[-0.008436894333371026, 0.01380582709097077, 0.5683398819116301, -0.0015339807878856412, -0.007669903939428206, 0.5009848982271832]","[0.0, 0.23009711818284617, 0.0, 0.0, 0.0, 0.0]","[0.022814, 0.0, 0.091256, 0.0, 0.022814, 0.0]"
STATE_MOTOR,2206744.201015681,"[-0.008436894333371026, 0.015339807878856412, 0.5683398819116301, -0.0015339807878856412, -0.007669903939428206, 0.5009848982271832]","[0.0, 0.15339807878856412, -0.07669903939428206, 0.0, 0.0, 0.0]","[0.022814, 0.0, 0.045628, 0.0, 0.0, 0.0]"
STATE_MOTOR,2226800.5380174145,"[-0.008436894333371026, 0.018407769454627694, 0.5683398819116301, -0.0015339807878856412, -0.007669903939428206, 0.5009848982271832]","[0.0, 0.07669903939428206, 0.0, 0.0, 0.0, 0.0]","[0.022814, 0.0, 0.022814, 0.0, 0.0, 0.0]"
STATE_MOTOR,2246857.848018408,"[-0.008436894333371026, 0.023009711818284616, 0.5698738626995157, -0.0015339807878856412, -0.007669903939428206, 0.5009848982271832]","[0.0, 0.07669903939428206, 0.0, 0.0, 0.0, 0.0]","[0.022814, 0.0, 0.022814, 0.0, 0.022814, 0.0]"
STATE_MOTOR,2266922.6380530745,"[-0.008436894333371026, 0.026077673394055898, 0.5698738626995157, -0.0015339807878856412, -0.007669903939428206, 0.5009848982271832]","[0.0, 0.30679615757712825, 0.07669903939428206, 0.0, 0.0, 0.0]","[0.022814, 0.0, 0.022814, 0.0, 0.022814, 0.0]"
STATE_MOTOR,2286986.135994084,"[-0.008436894333371026, 0.02914563496982718, 0.5698738626995157, -0.0015339807878856412, -0.007669903939428206, 0.5009848982271832]","[0.0, 0.15339807878856412, 0.0, 0.0, 0.0, 0.0]","[0.022814, 0.0, 0.022814, 0.0, 0.022814, 0.0]"
STATE_MOTOR,2307047.091075219,"[-0.008436894333371026, 0.0337475773334841, 0.5698738626995157, -0.0015339807878856412, -0.007669903939428206, 0.5009848982271832]","[0.0, 0.15339807878856412, 0.0, 0.0, 0.0, 0.0]","[0.022814, 0.0, 0.0, 0.0, 0.022814, 0.0]"
STATE_MOTOR,2327106.061973609,"[-0.008436894333371026, 0.035281558121369745, 0.5744758050631726, -0.0015339807878856412, -0.007669903939428206, 0.5009848982271832]","[0.0, 0.23009711818284617, 0.07669903939428206, 0.0, 0.0, 0.0]","[0.022814, 0.0, 0.022814, 0.0, 0.0, 0.022814]"
STATE_MOTOR,2347168.94000303,"[-0.008436894333371026, 0.03988350048502667, 0.5821457090026008, -0.0015339807878856412, -0.007669903939428206, 0.5009848982271832]","[0.0, 0.07669903939428206, 0.23009711818284617, 0.0, 0.0, 0.0]","[0.022814, 0.0, 0.022814, 0.0, 0.022814, 0.0]"
STATE_MOTOR,2367227.2600233555,"[-0.008436894333371026, 0.044485442848683596, 0.589815612942029, -0.0015339807878856412, -0.007669903939428206, 0.5009848982271832]","[0.0, 0.23009711818284617, 0.38349519697141027, 0.0, 0.0, 0.0]","[0.022814, 0.0, 0.022814, 0.0, 0.022814, 0.022814]"
STATE_MOTOR,2387284.168973565,"[-0.008436894333371026, 0.04908738521234052, 0.5990194976693428, -0.0015339807878856412, -0.007669903939428206, 0.5009848982271832]","[0.0, 0.15339807878856412, 0.38349519697141027, 0.0, 0.0, 0.0]","[0.022814, 0.0, 0.022814, 0.0, 0.022814, 0.0]"
STATE_MOTOR,2407352.8250446543,"[-0.008436894333371026, 0.05522330836388308, 0.6097573631845423, -0.0015339807878856412, -0.007669903939428206, 0.5009848982271832]","[0.0, 0.23009711818284617, 0.46019423636569234, 0.0, 0.0, 0.0]","[0.0, 0.0, 0.022814, 0.0, 0.022814, 0.022814]"
STATE_MOTOR,2427417.0650169253,"[-0.008436894333371026, 0.05829126993965436, 0.6189612479118562, -0.0015339807878856412, -0.007669903939428206, 0.5009848982271832]","[0.0, 0.30679615757712825, 0.46019423636569234, 0.0, 0.0, 0.0]","[0.022814, 0.0, 0.022814, 0.0, 0.0, 0.0]"
STATE_MOTOR,2447479.001013562,"[-0.008436894333371026, 0.06289321230331128, 0.6312330942149413, -0.0015339807878856412, -0.007669903939428206, 0.5009848982271832]","[0.0, 0.23009711818284617, 0.5368932757599744, 0.0, 0.0, 0.0]","[0.022814, 0.0, 0.022814, 0.0, 0.022814, 0.0]"
STATE_MOTOR,2467538.6630697176,"[-0.008436894333371026, 0.06902913545485385, 0.6419709597301408, -0.0015339807878856412, -0.007669903939428206, 0.5009848982271832]","[0.0, 0.23009711818284617, 0.5368932757599744, 0.0, 0.0, 0.0]","[0.022814, 0.0, 0.022814, 0.0, 0.0, 0.0]"
STATE_MOTOR,2487605.1059691235,"[-0.008436894333371026, 0.07209709703062514, 0.6527088252453404, -0.0015339807878856412, -0.007669903939428206, 0.5009848982271832]","[0.0, 0.30679615757712825, 0.5368932757599744, 0.0, 0.0, 0.0]","[0.0, 0.0, 0.022814, 0.0, 0.022814, 0.0]"
STATE_MOTOR,2507664.3580105156,"[-0.008436894333371026, 0.07516505860639641, 0.6649806715484254, -0.0015339807878856412, -0.007669903939428206, 0.5009848982271832]","[0.0, 0.15339807878856412, 0.6135923151542565, 0.0, 0.0, 0.0]","[0.022814, 0.0, 0.022814, 0.0, 0.022814, 0.0]"
STATE_MOTOR,2527728.257002309,"[-0.008436894333371026, 0.07976700097005333, 0.6772525178515105, -0.0015339807878856412, -0.007669903939428206, 0.5009848982271832]","[0.0, 0.15339807878856412, 0.6135923151542565, 0.0, 0.0, 0.0]","[0.022814, 0.0, 0.022814, 0.0, 0.0, 0.0]"
STATE_MOTOR,2547791.8459801003,"[-0.008436894333371026, 0.08283496254582462, 0.68799038336671, -0.0015339807878856412, -0.007669903939428206, 0.5009848982271832]","[0.0, 0.23009711818284617, 0.6135923151542565, 0.0, 0.0, 0.0]","[0.022814, 0.0, 0.022814, 0.0, 0.0, 0.0]"
STATE_MOTOR,2567856.4050467685,"[-0.008436894333371026, 0.08897088569736719, 0.7002622296697952, -0.0015339807878856412, -0.007669903939428206, 0.5009848982271832]","[0.0, 0.15339807878856412, 0.5368932757599744, 0.0, 0.0, 0.0]","[0.022814, 0.0, 0.022814, 0.0, 0.022814, 0.022814]"
STATE_MOTOR,2587914.8460226133,"[-0.008436894333371026, 0.09203884727313846, 0.7125340759728803, -0.0015339807878856412, -0.007669903939428206, 0.5009848982271832]","[0.0, 0.23009711818284617, 0.6135923151542565, 0.0, 0.0, 0.0]","[0.022814, 0.0, 0.022814, 0.0, 0.0, 0.0]"
STATE_MOTOR,2607975.3200756386,"[-0.008436894333371026, 0.09664078963679539, 0.7263399030638511, -0.0015339807878856412, -0.007669903939428206, 0.5009848982271832]","[0.0, 0.15339807878856412, 0.6135923151542565, 0.0, 0.0, 0.0]","[0.022814, 0.0, 0.022814, 0.0, 0.022814, 0.0]"
STATE_MOTOR,2628034.582012333,"[-0.008436894333371026, 0.10124273200045232, 0.7370777685790506, -0.0015339807878856412, -0.007669903939428206, 0.5009848982271832]","[0.0, 0.23009711818284617, 0.5368932757599744, 0.0, 0.0, 0.0]","[0.022814, 0.0, 0.045628, 0.0, 0.0, 0.0]"
STATE_MOTOR,2648100.5740351975,"[-0.008436894333371026, 0.10584467436410924, 0.7493496148821357, -0.0015339807878856412, -0.007669903939428206, 0.5009848982271832]","[0.0, 0.23009711818284617, 0.6135923151542565, 0.0, 0.0, 0.0]","[0.022814, 0.0, 0.0, 0.0, 0.022814, 0.0]"
STATE_MOTOR,2668163.271038793,"[-0.008436894333371026, 0.11044661672776616, 0.764689422760992, -0.0015339807878856412, -0.007669903939428206, 0.5009848982271832]","[0.0, 0.15339807878856412, 0.6135923151542565, 0.0, 0.0, 0.0]","[0.022814, 0.0, 0.0, 0.0, 0.0, 0.0]"
STATE_MOTOR,2688228.3920422196,"[-0.008436894333371026, 0.11351457830353745, 0.773893307488306, -0.0015339807878856412, -0.007669903939428206, 0.5009848982271832]","[0.0, 0.15339807878856412, 0.6135923151542565, 0.0, 0.0, 0.0]","[0.022814, 0.0, 0.0, 0.0, 0.022814, 0.0]"
STATE_MOTOR,2708290.528971702,"[-0.008436894333371026, 0.11811652066719437, 0.7861651537913911, -0.0015339807878856412, -0.007669903939428206, 0.5009848982271832]","[0.0, 0.15339807878856412, 0.6135923151542565, 0.0, 0.0, 0.0]","[0.022814, 0.0, 0.0, 0.0, 0.0, 0.0]"
STATE_MOTOR,2728351.113037206,"[-0.008436894333371026, 0.1227184630308513, 0.7969030193065906, -0.0015339807878856412, -0.007669903939428206, 0.5009848982271832]","[0.0, 0.23009711818284617, 0.5368932757599744, 0.0, 0.0, 0.0]","[0.0, 0.0, 0.022814, 0.0, 0.0, 0.0]"
STATE_MOTOR,2748409.3729872257,"[-0.008436894333371026, 0.12578642460662257, 0.8076408848217901, -0.0015339807878856412, -0.007669903939428206, 0.5009848982271832]","[0.0, 0.23009711818284617, 0.5368932757599744, 0.0, 0.0, 0.0]","[0.022814, 0.0, 0.022814, 0.0, 0.022814, 0.0]"
STATE_MOTOR,2768467.2629693523,"[-0.008436894333371026, 0.1303883669702795, 0.8168447695491039, -0.0015339807878856412, -0.007669903939428206, 0.5009848982271832]","[0.0, 0.15339807878856412, 0.46019423636569234, 0.0, 0.0, 0.0]","[0.022814, 0.0, 0.022814, 0.0, 0.022814, 0.0]"
STATE_MOTOR,2788526.3450443745,"[-0.008436894333371026, 0.1349903093339364, 0.8275826350643034, -0.0015339807878856412, -0.007669903939428206, 0.5009848982271832]","[0.0, 0.30679615757712825, 0.5368932757599744, 0.0, 0.0, 0.0]","[0.022814, 0.0, 0.022814, 0.0, 0.022814, 0.0]"
STATE_MOTOR,2808585.8770646155,"[-0.008436894333371026, 0.13959225169759334, 0.8367865197916172, -0.0015339807878856412, -0.007669903939428206, 0.5009848982271832]","[0.0, 0.15339807878856412, 0.46019423636569234, 0.0, 0.0, 0.0]","[0.022814, 0.022814, 0.022814, 0.0, 0.0, 0.022814]"
STATE_MOTOR,2828643.4370093048,"[-0.008436894333371026, 0.14112623248547898, 0.8444564237310455, -0.0015339807878856412, -0.007669903939428206, 0.5009848982271832]","[0.0, 0.23009711818284617, 0.38349519697141027, 0.0, 0.0, 0.0]","[0.022814, 0.0, 0.0, 0.0, 0.022814, 0.0]"
STATE_MOTOR,2848698.6929783598,"[-0.008436894333371026, 0.14266021327336462, 0.8536603084583593, -0.0015339807878856412, -0.007669903939428206, 0.5009848982271832]","[0.0, 0.07669903939428206, 0.38349519697141027, 0.0, 0.0, 0.0]","[0.022814, 0.0, 0.0, 0.0, 0.022814, 0.0]"
STATE_MOTOR,2868755.2110059187,"[-0.008436894333371026, 0.14419419406125028, 0.8613302123977875, -0.0015339807878856412, -0.007669903939428206, 0.5009848982271832]","[0.0, 0.07669903939428206, 0.38349519697141027, 0.0, 0.0, 0.0]","[0.022814, 0.0, 0.0, 0.0, 0.022814, 0.0]"
STATE_MOTOR,2888818.248989992,"[-0.008436894333371026, 0.14572817484913592, 0.86746613554933, -0.0015339807878856412, -0.007669903939428206, 0.5009848982271832]","[0.0, 0.07669903939428206, 0.38349519697141027, 0.0, 0.0, 0.0]","[0.022814, 0.0, 0.0, 0.0, 0.0, 0.0]"
STATE_MOTOR,2908877.0400267094,"[-0.008436894333371026, 0.1487961364249072, 0.872068077912987, -0.0015339807878856412, -0.007669903939428206, 0.5009848982271832]","[0.0, 0.15339807878856412, 0.23009711818284617, 0.0, 0.0, 0.0]","[0.022814, 0.0, 0.022814, 0.0, 0.022814, 0.0]"
STATE_MOTOR,2928936.442011036,"[-0.008436894333371026, 0.15186409800067846, 0.8782040010645296, -0.0015339807878856412, -0.007669903939428206, 0.5009848982271832]","[0.0, 0.15339807878856412, 0.23009711818284617, 0.0, 0.0, 0.0]","[0.022814, 0.0, 0.0, 0.0, 0.0, 0.0]"
STATE_MOTOR,2948995.945043862,"[-0.008436894333371026, 0.15339807878856412, 0.8828059434281865, -0.0015339807878856412, -0.006135923151542565, 0.5009848982271832]","[0.0, 0.07669903939428206, 0.30679615757712825, 0.0, 0.0, 0.0]","[0.022814, 0.0, 0.0, 0.0, 0.022814, 0.022814]"
STATE_MOTOR,2969053.45399864,"[-0.008436894333371026, 0.15339807878856412, 0.8858739050039578, -0.0015339807878856412, -0.0030679615757712823, 0.5009848982271832]","[0.0, 0.0, 0.15339807878856412, 0.0, 0.23009711818284617, 0.0]","[0.022814, 0.0, 0.022814, 0.0, 0.022814, 0.0]"
STATE_MOTOR,2989114.8690367118,"[-0.008436894333371026, 0.15339807878856412, 0.8889418665797291, -0.0015339807878856412, -0.0030679615757712823, 0.5009848982271832]","[0.0, 0.0, 0.07669903939428206, 0.0, 0.0, 0.0]","[0.0, 0.0, 0.022814, 0.0, 0.0, 0.0]"
STATE_MOTOR,3009174.2620570585,"[-0.008436894333371026, 0.15339807878856412, 0.8904758473676146, -0.0015339807878856412, -0.0030679615757712823, 0.5009848982271832]","[0.0, 0.0, 0.15339807878856412, 0.0, 0.0, 0.0]","[0.0, 0.0, 0.0, 0.0, 0.0, 0.022814]"
STATE_MOTOR,3029262.63702102,"[-0.008436894333371026, 0.15339807878856412, 0.8904758473676146, -0.0015339807878856412, -0.0015339807878856412, 0.5009848982271832]","[0.0, 0.0, 0.0, 0.0, 0.07669903939428206, 0.0]","[0.0, 0.0, 0.0, 0.0, 0.0, 0.0]"
STATE_MOTOR,3049317.70300027,"[-0.008436894333371026, 0.15339807878856412, 0.8904758473676146, -0.0015339807878856412, -0.0015339807878856412, 0.5009848982271832]","[0.0, 0.0, 0.0, 0.0, 0.0, 0.0]","[0.022814, 0.0, 0.0, 0.0, 0.0, 0.0]"
STATE_MOTOR,3069374.101003632,"[-0.008436894333371026, 0.15339807878856412, 0.8904758473676146, -0.0015339807878856412, -0.0015339807878856412, 0.5009848982271832]","[0.0, 0.0, 0.0, 0.0, 0.0, 0.0]","[0.0, 0.022814, 0.022814, 0.0, 0.0, 0.022814]"
STATE_MOTOR,3089437.5790376216,"[-0.008436894333371026, 0.15339807878856412, 0.8904758473676146, -0.0015339807878856412, -0.0015339807878856412, 0.5009848982271832]","[0.0, 0.0, 0.0, 0.0, 0.0, 0.0]","[0.022814, 0.0, 0.022814, 0.0, 0.0, 0.0]"
STATE_MOTOR,3109496.070072055,"[-0.008436894333371026, 0.15339807878856412, 0.8904758473676146, -0.0015339807878856412, -0.0015339807878856412, 0.5009848982271832]","[0.0, 0.0, 0.0, 0.0, 0.0, 0.0]","[0.022814, 0.0, 0.0, 0.0, 0.0, 0.022814]"
STATE_MOTOR,3129553.9600541815,"[-0.008436894333371026, 0.15339807878856412, 0.8904758473676146, -0.0015339807878856412, -0.0015339807878856412, 0.5009848982271832]","[0.0, 0.0, 0.0, 0.0, 0.0, 0.0]","[0.022814, 0.022814, 0.022814, 0.0, 0.0, 0.0]"
