type,timestamp,positions,velocities,torques
STATE_MOTOR,5.898997187614441,"[0.005368932757599744, 0.01227184630308513, 0.572941824275287, -0.006135923151542565, -0.01227184630308513, 0.49573210768220616]","[0.0, 0.0, 0.0, 0.0, 0.0, 0.0]","[0.0, 0.022814, 0.524722, 0.022814, 0.022814, 0.022814]"
STATE_MOTOR,20086.909062229097,"[0.005368932757599744, 0.01227184630308513, 0.572941824275287, -0.006135923151542565, -0.01227184630308513, 0.49573210768220616]","[0.0, 0.0, 0.0, 0.0, 0.0, 0.0]","[0.0, 0.022814, 0.410652, 0.0, 0.022814, 0.022814]"
STATE_MOTOR,40144.24397610128,"[0.005368932757599744, 0.01227184630308513, 0.572941824275287, -0.006135923151542565, -0.01227184630308513, 0.49573210768220616]","[0.0, 0.0, 0.0, 0.0, 0.0, 0.0]","[0.022814, 0.022814, 0.524722, 0.0, 0.022814, 0.022814]"
STATE_MOTOR,60202.06003449857,"[0.005368932757599744, 0.01227184630308513, 0.572941824275287, -0.006135923151542565, -0.01227184630308513, 0.49573210768220616]","[0.0, 0.0, 0.0, 0.0, 0.0, 0.0]","[0.022814, 0.022814, 0.387838, 0.022814, 0.045628, 0.0]"
STATE_MOTOR,80260.39705146104,"[0.006902913545485385, 0.01227184630308513, 0.572941824275287, -0.006135923151542565, -0.01227184630308513, 0.49573210768220616]","[0.0, 0.0, 0.0, 0.0, 0.0, 0.0]","[0.022814, 0.022814, 0.387838, 0.022814, 0.022814, 0.022814]"
STATE_MOTOR,100318.87306831777,"[0.006902913545485385, 0.01227184630308513, 0.572941824275287, -0.006135923151542565, -0.01227184630308513, 0.49573210768220616]","[0.07669903939428206, 0.0, 0.0, 0.0, 0.0, 0.0]","[0.0, 0.0, 0.387838, 0.0, 0.045628, 0.022814]"
STATE_MOTOR,120379.0430445224,"[0.006902913545485385, 0.01227184630308513, 0.572941824275287, -0.006135923151542565, -0.01227184630308513, 0.49573210768220616]","[0.0, 0.0, 0.0, 0.0, 0.0, 0.0]","[0.022814, 0.022814, 0.501908, 0.022814, 0.022814, 0.022814]"
STATE_MOTOR,140445.16102876514,"[0.006902913545485385, 0.01227184630308513, 0.572941824275287, -0.006135923151542565, -0.01227184630308513, 0.49573210768220616]","[0.0, 0.0, 0.0, 0.0, 0.0, 0.0]","[0.0, 0.022814, 0.410652, 0.022814, 0.022814, 0.022814]"
STATE_MOTOR,160506.3120368868,"[0.006902913545485385, 0.01227184630308513, 0.572941824275287, -0.006135923151542565, -0.01227184630308513, 0.49573210768220616]","[0.0, 0.0, 0.0, 0.0, 0.0, 0.0]","[0.022814, 0.022814, 0.501908, 0.022814, 0.0, 0.022814]"
STATE_MOTOR,180566.3510458544,"[0.006902913545485385, 0.01227184630308513, 0.572941824275287, -0.006135923151542565, -0.01227184630308513, 0.49573210768220616]","[0.0, 0.0, 0.0, 0.0, 0.0, 0.0]","[0.022814, 0.022814, 0.524722, 0.0, 0.045628, 0.0]"
STATE_MOTOR,200623.90598468482,"[0.006902913545485385, 0.01227184630308513, 0.572941824275287, -0.006135923151542565, -0.01227184630308513, 0.49573210768220616]","[0.0, 0.0, 0.0, 0.0, 0.0, 0.0]","[0.022814, 0.022814, 0.387838, 0.022814, 0.022814, 0.045628]"
STATE_MOTOR,220647.2010584548,"[0.006902913545485385, 0.01227184630308513, 0.572941824275287, -0.006135923151542565, -0.01227184630308513, 0.49573210768220616]","[0.0, 0.0, 0.0, 0.0, 0.0, 0.0]","[0.0, 0.022814, 0.387838, 0.0, 0.022814, 0.022814]"
STATE_MOTOR,240707.15997368097,"[0.006902913545485385, 0.01227184630308513, 0.572941824275287, -0.006135923151542565, -0.01227184630308513, 0.49573210768220616]","[0.0, 0.0, 0.0, 0.0, 0.0, 0.0]","[0.022814, 0.022814, 0.433466, 0.0, 0.045628, 0.0]"
STATE_MOTOR,260770.76396904886,"[0.006902913545485385, 0.01227184630308513, 0.572941824275287, -0.006135923151542565, -0.01227184630308513, 0.49573210768220616]","[0.0, 0.0, 0.0, 0.0, 0.0, 0.0]","[0.022814, 0.022814, 0.387838, 0.0, 0.022814, 0.022814]"
STATE_MOTOR,280829.25104536116,"[0.006902913545485385, 0.01227184630308513, 0.572941824275287, -0.006135923151542565, -0.01227184630308513, 0.49573210768220616]","[0.0, 0.0, 0.0, 0.0, 0.0, 0.0]","[0.0, 0.022814, 0.501908, 0.022814, 0.022814, 0.022814]"
STATE_MOTOR,300888.00797238946,"[0.006902913545485385, 0.01227184630308513, 0.572941824275287, -0.006135923151542565, -0.01227184630308513, 0.49573210768220616]","[0.0, 0.0, 0.0, 0.0, 0.0, 0.0]","[0.022814, 0.022814, 0.433466, 0.022814, 0.022814, 0.0]"
STATE_MOTOR,320956.41002524644,"[0.006902913545485385, 0.01227184630308513, 0.572941824275287, -0.006135923151542565, -0.01227184630308513, 0.49573210768220616]","[0.0, 0.0, 0.0, 0.0, 0.0, 0.0]","[0.022814, 0.022814, 0.501908, 0.0, 0.022814, 0.0]"
STATE_MOTOR,341028.3470293507,"[0.006902913545485385, 0.01227184630308513, 0.572941824275287, -0.006135923151542565, -0.01227184630308513, 0.49573210768220616]","[0.0, 0.0, 0.0, 0.0, 0.0, 0.0]","[0.0, 0.0, 0.410652, 0.022814, 0.022814, 0.022814]"
STATE_MOTOR,361090.5590467155,"[0.006902913545485385, 0.01227184630308513, 0.572941824275287, -0.006135923151542565, -0.01227184630308513, 0.49573210768220616]","[0.0, 0.0, 0.0, 0.0, 0.0, 0.0]","[0.022814, 0.022814, 0.524722, 0.022814, 0.022814, 0.022814]"
STATE_MOTOR,381151.71005483717,"[0.006902913545485385, 0.01227184630308513, 0.572941824275287, -0.006135923151542565, -0.01227184630308513, 0.49573210768220616]","[0.0, 0.0, 0.0, 0.0, 0.0, 0.0]","[0.022814, 0.022814, 0.501908, 0.022814, 0.045628, 0.0]"
STATE_MOTOR,401216.49601496756,"[0.006902913545485385, 0.01227184630308513, 0.572941824275287, -0.006135923151542565, -0.01227184630308513, 0.49573210768220616]","[0.0, 0.0, 0.0, 0.0, 0.0, 0.0]","[0.0, 0.022814, 0.501908, 0.022814, 0.022814, 0.0]"
STATE_MOTOR,421277.28601917624,"[0.006902913545485385, 0.01227184630308513, 0.572941824275287, -0.006135923151542565, -0.01227184630308513, 0.49573210768220616]","[0.0, 0.0, 0.0, 0.0, 0.0, 0.0]","[0.022814, 0.022814, 0.479094, 0.0, 0.022814, 0.022814]"
STATE_MOTOR,441338.66706397384,"[0.006902913545485385, 0.01227184630308513, 0.572941824275287, -0.006135923151542565, -0.01227184630308513, 0.49573210768220616]","[0.0, 0.0, 0.0, 0.0, 0.0, 0.0]","[0.022814, 0.022814, 0.387838, 0.0, 0.022814, 0.022814]"
STATE_MOTOR,461397.90501911193,"[0.006902913545485385, 0.01227184630308513, 0.572941824275287, -0.006135923151542565, -0.01227184630308513, 0.49573210768220616]","[0.0, 0.0, 0.0, 0.0, 0.0, 0.0]","[0.022814, 0.022814, 0.433466, 0.022814, 0.022814, 0.0]"
STATE_MOTOR,481456.2819665298,"[0.006902913545485385, 0.01227184630308513, 0.572941824275287, -0.006135923151542565, -0.01227184630308513, 0.49573210768220616]","[0.0, 0.0, 0.0, 0.0, 0.0, 0.0]","[0.022814, 0.022814, 0.410652, 0.0, 0.022814, 0.0]"
STATE_MOTOR,501517.3429856077,"[0.006902913545485385, 0.01227184630308513, 0.572941824275287, -0.006135923151542565, -0.01227184630308513, 0.49573210768220616]","[0.0, 0.0, 0.0, 0.0, 0.0, 0.0]","[0.0, 0.022814, 0.524722, 0.022814, 0.022814, 0.022814]"
STATE_MOTOR,521584.8929947242,"[0.006902913545485385, 0.01227184630308513, 0.572941824275287, -0.006135923151542565, -0.01227184630308513, 0.49573210768220616]","[0.0, 0.0, 0.0, 0.0, 0.0, 0.0]","[0.0, 0.022814, 0.433466, 0.022814, 0.022814, 0.022814]"
STATE_MOTOR,541648.5270252451,"[0.006902913545485385, 0.01227184630308513, 0.572941824275287, -0.006135923151542565, -0.01227184630308513, 0.49573210768220616]","[0.0, 0.0, 0.0, 0.0, 0.0, 0.0]","[0.022814, 0.022814, 0.501908, 0.022814, 0.022814, 0.0]"
STATE_MOTOR,561708.1460077316,"[0.006902913545485385, 0.01227184630308513, 0.572941824275287, -0.006135923151542565, -0.01227184630308513, 0.49573210768220616]","[0.0, 0.0, 0.0, 0.0, 0.0, 0.0]","[0.0, 0.022814, 0.387838, 0.022814, 0.022814, 0.022814]"
STATE_MOTOR,581765.2209661901,"[0.006902913545485385, 0.01227184630308513, 0.572941824275287, -0.006135923151542565, -0.01227184630308513, 0.49573210768220616]","[0.0, 0.0, 0.0, 0.0, 0.0, 0.0]","[0.022814, 0.022814, 0.387838, 0.0, 0.022814, 0.0]"
STATE_MOTOR,601830.0970317796,"[0.006902913545485385, 0.01227184630308513, 0.572941824275287, -0.006135923151542565, -0.01227184630308513, 0.49573210768220616]","[0.0, 0.0, 0.0, 0.0, 0.0, 0.0]","[0.0, 0.022814, 0.433466, 0.0, 0.022814, 0.0]"
STATE_MOTOR,621894.6829903871,"[0.006902913545485385, 0.01227184630308513, 0.572941824275287, -0.006135923151542565, -0.01227184630308513, 0.49573210768220616]","[0.0, 0.0, 0.0, 0.0, 0.0, 0.0]","[0.022814, 0.0, 0.479094, 0.0, 0.022814, 0.0]"
STATE_MOTOR,641964.4770212471,"[0.006902913545485385, 0.01227184630308513, 0.572941824275287, -0.006135923151542565, -0.01227184630308513, 0.49573210768220616]","[0.0, 0.0, 0.0, 0.0, 0.0, 0.0]","[0.0, 0.022814, 0.387838, 0.022814, 0.045628, 0.022814]"
STATE_MOTOR,662028.3010415733,"[0.006902913545485385, 0.01227184630308513, 0.572941824275287, -0.006135923151542565, -0.01227184630308513, 0.49573210768220616]","[0.0, 0.0, 0.0, 0.0, 0.0, 0.0]","[0.022814, 0.022814, 0.410652, 0.0, 0.022814, 0.022814]"
STATE_MOTOR,682086.7280475795,"[0.006902913545485385, 0.01227184630308513, 0.572941824275287, -0.006135923151542565, -0.01227184630308513, 0.49573210768220616]","[0.0, 0.0, 0.0, 0.0, 0.0, 0.0]","[0.022814, 0.0, 0.479094, 0.0, 0.022814, 0.022814]"
STATE_MOTOR,702145.4550558701,"[0.006902913545485385, 0.01227184630308513, 0.572941824275287, -0.006135923151542565, -0.01227184630308513, 0.49573210768220616]","[0.0, 0.0, 0.0, 0.0, 0.0, 0.0]","[0.022814, 0.022814, 0.524722, 0.022814, 0.022814, 0.022814]"
STATE_MOTOR,722214.6979765967,"[0.006902913545485385, 0.01227184630308513, 0.572941824275287, -0.006135923151542565, -0.01227184630308513, 0.49573210768220616]","[0.0, 0.0, 0.0, 0.0, 0.0, 0.0]","[0.022814, 0.022814, 0.501908, 0.022814, 0.022814, 0.022814]"
STATE_MOTOR,742276.0990448296,"[0.006902913545485385, 0.01227184630308513, 0.572941824275287, -0.006135923151542565, -0.01227184630308513, 0.49573210768220616]","[0.0, 0.0, 0.0, 0.0, 0.0, 0.0]","[0.022814, 0.022814, 0.387838, 0.0, 0.022814, 0.0]"
STATE_MOTOR,762338.4119942784,"[0.006902913545485385, 0.01227184630308513, 0.572941824275287, -0.006135923151542565, -0.01227184630308513, 0.49573210768220616]","[0.0, 0.0, 0.0, 0.0, 0.0, 0.0]","[0.0, 0.022814, 0.387838, 0.022814, 0.022814, 0.022814]"
STATE_MOTOR,782395.7470245659,"[0.006902913545485385, 0.01227184630308513, 0.572941824275287, -0.006135923151542565, -0.01227184630308513, 0.49573210768220616]","[0.0, 0.0, 0.0, 0.0, 0.0, 0.0]","[0.0, 0.022814, 0.45628, 0.0, 0.022814, 0.022814]"
STATE_MOTOR,802453.903015703,"[0.006902913545485385, 0.01227184630308513, 0.572941824275287, -0.006135923151542565, -0.01227184630308513, 0.49573210768220616]","[0.0, 0.0, 0.0, 0.0, 0.0, 0.0]","[0.0, 0.022814, 0.524722, 0.0, 0.022814, 0.0]"
STATE_MOTOR,822522.7750372142,"[0.006902913545485385, 0.01227184630308513, 0.572941824275287, -0.006135923151542565, -0.01227184630308513, 0.49573210768220616]","[0.0, 0.0, 0.0, 0.0, 0.0, 0.0]","[0.022814, 0.022814, 0.387838, 0.0, 0.022814, 0.022814]"
STATE_MOTOR,842587.2409716249,"[0.006902913545485385, 0.01227184630308513, 0.572941824275287, -0.006135923151542565, -0.01227184630308513, 0.49573210768220616]","[0.0, 0.0, 0.0, 0.0, 0.0, 0.0]","[0.022814, 0.0, 0.433466, 0.022814, 0.022814, 0.022814]"
STATE_MOTOR,862650.4749991,"[0.006902913545485385, 0.01227184630308513, 0.572941824275287, -0.006135923151542565, -0.01227184630308513, 0.49573210768220616]","[0.0, 0.0, 0.0, 0.0, 0.0, 0.0]","[0.0, 0.022814, 0.387838, 0.0, 0.022814, 0.022814]"
STATE_MOTOR,882710.4240190238,"[0.006902913545485385, 0.01227184630308513, 0.572941824275287, -0.006135923151542565, -0.01227184630308513, 0.49573210768220616]","[0.0, 0.0, 0.0, 0.0, 0.0, 0.0]","[0.022814, 0.0, 0.387838, 0.0, 0.022814, 0.0]"
STATE_MOTOR,902770.0930600986,"[0.006902913545485385, 0.01227184630308513, 0.572941824275287, -0.006135923151542565, -0.01227184630308513, 0.49573210768220616]","[0.0, 0.0, 0.0, 0.0, 0.0, 0.0]","[0.022814, 0.022814, 0.433466, 0.022814, 0.022814, 0.022814]"
STATE_MOTOR,922830.8330057189,"[0.006902913545485385, 0.01227184630308513, 0.572941824275287, -0.006135923151542565, -0.01227184630308513, 0.49573210768220616]","[0.0, 0.0, 0.0, 0.0, 0.0, 0.0]","[0.0, 0.022814, 0.387838, 0.0, 0.022814, 0.022814]"
STATE_MOTOR,942896.0300283507,"[0.006902913545485385, 0.01227184630308513, 0.572941824275287, -0.006135923151542565, -0.01227184630308513, 0.49573210768220616]","[0.0, 0.0, 0.0, 0.0, 0.0, 0.0]","[0.022814, 0.022814, 0.387838, 0.022814, 0.022814, 0.022814]"
STATE_MOTOR,962954.2260663584,"[0.006902913545485385, 0.01227184630308513, 0.572941824275287, -0.006135923151542565, -0.01227184630308513, 0.49573210768220616]","[0.0, 0.0, 0.0, 0.0, 0.0, 0.0]","[0.022814, 0.0, 0.479094, 0.022814, 0.022814, 0.022814]"
STATE_MOTOR,983033.1730190665,"[0.006902913545485385, 0.01227184630308513, 0.572941824275287, -0.006135923151542565, -0.01227184630308513, 0.49573210768220616]","[0.0, 0.0, 0.0, 0.0, 0.0, 0.0]","[0.0, 0.022814, 0.524722, 0.022814, 0.022814, 0.022814]"
STATE_MOTOR,1003092.4410093576,"[0.006902913545485385, 0.01227184630308513, 0.572941824275287, -0.006135923151542565, -0.01227184630308513, 0.49573210768220616]","[0.0, 0.0, 0.0, 0.0, 0.0, 0.0]","[0.022814, 0.022814, 0.433466, 0.0, 0.022814, 0.022814]"
STATE_MOTOR,1023184.7680406645,"[0.006902913545485385, 0.01227184630308513, 0.572941824275287, -0.006135923151542565, -0.01227184630308513, 0.49573210768220616]","[0.0, 0.0, 0.0, 0.0, 0.0, 0.0]","[0.022814, 0.0, 0.387838, 0.022814, 0.045628, 0.022814]"
STATE_MOTOR,1043247.3210385069,"[0.006902913545485385, 0.01227184630308513, 0.572941824275287, -0.006135923151542565, -0.01227184630308513, 0.49573210768220616]","[0.0, 0.0, 0.0, 0.0, 0.0, 0.0]","[0.022814, 0.0, 0.410652, 0.0, 0.022814, 0.022814]"
STATE_MOTOR,1063303.9850508794,"[0.006902913545485385, 0.01227184630308513, 0.572941824275287, -0.006135923151542565, -0.01227184630308513, 0.49573210768220616]","[0.0, 0.0, 0.0, 0.0, 0.0, 0.0]","[0.022814, 0.022814, 0.387838, 0.022814, 0.022814, 0.022814]"
STATE_MOTOR,1083361.5210140124,"[0.006902913545485385, 0.01227184630308513, 0.572941824275287, -0.006135923151542565, -0.01227184630308513, 0.49573210768220616]","[0.0, 0.0, 0.0, 0.0, 0.0, 0.0]","[0.0, 0.0, 0.501908, 0.0, 0.022814, 0.022814]"
STATE_MOTOR,1103421.1890073493,"[0.006902913545485385, 0.01227184630308513, 0.572941824275287, -0.006135923151542565, -0.01227184630308513, 0.49573210768220616]","[0.0, 0.0, 0.0, 0.0, 0.0, 0.0]","[0.022814, 0.0, 0.433466, 0.022814, 0.0, 0.022814]"
STATE_MOTOR,1123481.0079913586,"[0.006902913545485385, 0.01227184630308513, 0.572941824275287, -0.006135923151542565, -0.01227184630308513, 0.49573210768220616]","[0.0, 0.0, 0.0, 0.0, 0.0, 0.0]","[0.022814, 0.022814, 0.387838, 0.0, 0.022814, 0.0]"
STATE_MOTOR,1143539.1249833629,"[0.006902913545485385, 0.01227184630308513, 0.572941824275287, -0.006135923151542565, -0.01227184630308513, 0.49573210768220616]","[0.0, 0.0, 0.0, 0.0, 0.0, 0.0]","[0.022814, 0.022814, 0.524722, 0.0, 0.045628, 0.022814]"
STATE_MOTOR,1163618.6230462044,"[0.006902913545485385, 0.01227184630308513, 0.572941824275287, -0.006135923151542565, -0.01227184630308513, 0.49573210768220616]","[0.0, 0.0, 0.0, 0.0, 0.0, 0.0]","[0.022814, 0.0, 0.501908, 0.022814, 0.0, 0.022814]"
STATE_MOTOR,1183645.4320000485,"[0.006902913545485385, 0.01227184630308513, 0.572941824275287, -0.006135923151542565, -0.01227184630308513, 0.49573210768220616]","[0.0, 0.0, 0.0, 0.0, 0.0, 0.0]","[0.0, 0.022814, 0.410652, 0.0, 0.022814, 0.0]"
STATE_MOTOR,1203705.191030167,"[0.006902913545485385, 0.01227184630308513, 0.572941824275287, -0.006135923151542565, -0.01227184630308513, 0.49573210768220616]","[0.0, 0.0, 0.0, 0.0, 0.0, 0.0]","[0.022814, 0.022814, 0.387838, 0.022814, 0.022814, 0.022814]"
STATE_MOTOR,1223764.379043132,"[0.006902913545485385, 0.01227184630308513, 0.572941824275287, -0.006135923151542565, -0.01227184630308513, 0.49573210768220616]","[0.0, 0.0, 0.0, 0.0, 0.0, 0.0]","[0.022814, 0.022814, 0.387838, 0.022814, 0.022814, 0.022814]"
STATE_MOTOR,1243829.5760657638,"[0.006902913545485385, 0.01227184630308513, 0.572941824275287, -0.006135923151542565, -0.01227184630308513, 0.49573210768220616]","[0.0, 0.0, 0.0, 0.0, 0.0, 0.0]","[0.022814, 0.0, 0.45628, 0.022814, 0.022814, 0.022814]"
STATE_MOTOR,1263885.8889695257,"[0.006902913545485385, 0.01227184630308513, 0.572941824275287, -0.006135923151542565, -0.01227184630308513, 0.49573210768220616]","[0.0, 0.0, 0.0, 0.0, 0.0, 0.0]","[0.0, 0.022814, 0.387838, 0.0, 0.022814, 0.0]"
STATE_MOTOR,1283939.5990595222,"[0.006902913545485385, 0.01227184630308513, 0.572941824275287, -0.006135923151542565, -0.01227184630308513, 0.49573210768220616]","[0.0, 0.0, 0.0, 0.0, 0.0, 0.0]","[0.0, 0.022814, 0.479094, 0.022814, 0.022814, 0.022814]"
STATE_MOTOR,1303997.504990548,"[0.006902913545485385, 0.01227184630308513, 0.572941824275287, -0.006135923151542565, -0.01227184630308513, 0.49573210768220616]","[0.0, 0.0, 0.0, 0.0, 0.0, 0.0]","[0.022814, 0.022814, 0.387838, 0.022814, 0.045628, 0.022814]"
STATE_MOTOR,1324057.6540119946,"[0.006902913545485385, 0.01227184630308513, 0.572941824275287, -0.006135923151542565, -0.01227184630308513, 0.49573210768220616]","[0.0, 0.0, 0.0, 0.0, 0.0, 0.0]","[0.022814, 0.022814, 0.387838, 0.022814, 0.045628, 0.022814]"
STATE_MOTOR,1344113.6970650405,"[0.006902913545485385, 0.01227184630308513, 0.572941824275287, -0.006135923151542565, -0.01227184630308513, 0.49573210768220616]","[0.0, 0.0, 0.0, 0.0, 0.0, 0.0]","[0.0, 0.022814, 0.387838, 0.022814, 0.022814, 0.022814]"
STATE_MOTOR,1364171.2029930204,"[0.006902913545485385, 0.01227184630308513, 0.572941824275287, -0.006135923151542565, -0.01227184630308513, 0.49573210768220616]","[0.0, 0.0, 0.0, 0.0, 0.0, 0.0]","[0.022814, 0.022814, 0.479094, 0.0, 0.022814, 0.022814]"
STATE_MOTOR,1384228.4780694172,"[0.006902913545485385, 0.01227184630308513, 0.572941824275287, -0.006135923151542565, -0.01227184630308513, 0.49573210768220616]","[0.0, 0.0, 0.0, 0.0, 0.0, 0.0]","[0.022814, 0.0, 0.387838, 0.0, 0.022814, 0.0]"
STATE_MOTOR,1404286.4739894867,"[0.006902913545485385, 0.01227184630308513, 0.572941824275287, -0.006135923151542565, -0.01227184630308513, 0.49573210768220616]","[0.0, 0.0, 0.0, 0.0, 0.0, 0.0]","[0.022814, 0.0, 0.387838, 0.0, 0.022814, 0.022814]"
STATE_MOTOR,1424342.026002705,"[0.006902913545485385, 0.01227184630308513, 0.572941824275287, -0.006135923151542565, -0.01227184630308513, 0.49573210768220616]","[0.0, 0.0, 0.0, 0.0, 0.0, 0.0]","[0.022814, 0.0, 0.479094, 0.0, 0.022814, 0.022814]"
STATE_MOTOR,1444397.8189956397,"[0.006902913545485385, 0.01227184630308513, 0.572941824275287, -0.006135923151542565, -0.01227184630308513, 0.49573210768220616]","[0.0, 0.0, 0.0, 0.0, 0.0, 0.0]","[0.022814, 0.022814, 0.387838, 0.022814, 0.022814, 0.022814]"
STATE_MOTOR,1464456.0350570828,"[0.006902913545485385, 0.01227184630308513, 0.572941824275287, -0.006135923151542565, -0.01227184630308513, 0.49573210768220616]","[0.0, 0.0, 0.0, 0.0, 0.0, 0.0]","[0.0, 0.022814, 0.45628, 0.022814, 0.022814, 0.022814]"
STATE_MOTOR,1484521.0319617763,"[0.006902913545485385, 0.01227184630308513, 0.572941824275287, -0.006135923151542565, -0.01227184630308513, 0.49573210768220616]","[0.0, 0.0, 0.0, 0.0, 0.0, 0.0]","[0.0, 0.022814, 0.433466, 0.0, 0.022814, 0.022814]"
STATE_MOTOR,1504584.086011164,"[0.006902913545485385, 0.01227184630308513, 0.572941824275287, -0.006135923151542565, -0.01227184630308513, 0.49573210768220616]","[0.0, 0.0, 0.0, 0.0, 0.0, 0.0]","[0.0, 0.022814, 0.387838, 0.022814, 0.022814, 0.022814]"
STATE_MOTOR,1524654.270033352,"[0.006902913545485385, 0.01227184630308513, 0.572941824275287, -0.006135923151542565, -0.01227184630308513, 0.49573210768220616]","[0.0, 0.0, 0.0, 0.0, 0.0, 0.0]","[0.0, 0.0, 0.410652, 0.0, 0.022814, 0.022814]"
STATE_MOTOR,1544710.003072396,"[0.006902913545485385, 0.01227184630308513, 0.572941824275287, -0.006135923151542565, -0.01227184630308513, 0.49573210768220616]","[0.0, 0.0, 0.0, 0.0, 0.0, 0.0]","[0.0, 0.0, 0.387838, 0.0, 0.022814, 0.022814]"
STATE_MOTOR,1564768.3490533382,"[0.006902913545485385, 0.01227184630308513, 0.572941824275287, -0.006135923151542565, -0.01227184630308513, 0.49573210768220616]","[0.0, 0.0, 0.0, 0.0, 0.0, 0.0]","[0.0, 0.022814, 0.45628, 0.022814, 0.022814, 0.022814]"
STATE_MOTOR,1584827.1970171481,"[0.006902913545485385, 0.01227184630308513, 0.572941824275287, -0.006135923151542565, -0.01227184630308513, 0.49573210768220616]","[0.0, 0.0, 0.0, 0.0, 0.0, 0.0]","[0.0, 0.0, 0.479094, 0.0, 0.045628, 0.0]"
STATE_MOTOR,1604884.9020153284,"[0.006902913545485385, 0.01227184630308513, 0.572941824275287, -0.006135923151542565, -0.01227184630308513, 0.49573210768220616]","[0.0, 0.0, 0.0, 0.0, 0.0, 0.0]","[0.0, 0.022814, 0.479094, 0.022814, 0.022814, 0.022814]"
STATE_MOTOR,1624945.551971905,"[0.006902913545485385, 0.01227184630308513, 0.572941824275287, -0.006135923151542565, -0.01227184630308513, 0.49573210768220616]","[0.0, 0.0, 0.0, 0.0, 0.0, 0.0]","[0.022814, 0.022814, 0.410652, 0.0, 0.022814, 0.022814]"
STATE_MOTOR,1645003.868965432,"[0.006902913545485385, 0.01227184630308513, 0.572941824275287, -0.006135923151542565, -0.01227184630308513, 0.49573210768220616]","[0.0, 0.0, 0.0, 0.0, 0.0, 0.0]","[0.022814, 0.022814, 0.387838, 0.022814, 0.022814, 0.022814]"
STATE_MOTOR,1665063.0469666794,"[0.006902913545485385, 0.01227184630308513, 0.572941824275287, -0.006135923151542565, -0.01227184630308513, 0.49573210768220616]","[0.0, 0.0, 0.0, 0.0, 0.0, 0.0]","[0.022814, 0.022814, 0.410652, 0.022814, 0.022814, 0.0]"
STATE_MOTOR,1685121.834045276,"[0.006902913545485385, 0.01227184630308513, 0.572941824275287, -0.006135923151542565, -0.01227184630308513, 0.49573210768220616]","[0.0, 0.0, 0.0, 0.0, 0.0, 0.0]","[0.022814, 0.0, 0.501908, 0.022814, 0.022814, 0.022814]"
STATE_MOTOR,1705179.7200692818,"[0.006902913545485385, 0.01227184630308513, 0.572941824275287, -0.006135923151542565, -0.01227184630308513, 0.49573210768220616]","[0.0, 0.0, 0.0, 0.0, 0.0, 0.0]","[0.0, 0.022814, 0.501908, 0.022814, 0.022814, 0.022814]"
STATE_MOTOR,1725235.5130622163,"[0.006902913545485385, 0.01227184630308513, 0.572941824275287, -0.006135923151542565, -0.01227184630308513, 0.49573210768220616]","[0.0, 0.0, 0.0, 0.0, 0.0, 0.0]","[0.022814, 0.022814, 0.524722, 0.022814, 0.022814, 0.0]"
STATE_MOTOR,1745293.9189970493,"[0.006902913545485385, 0.01227184630308513, 0.572941824275287, -0.006135923151542565, -0.01227184630308513, 0.49573210768220616]","[0.0, 0.0, 0.0, 0.0, 0.0, 0.0]","[0.0, 0.022814, 0.433466, 0.0, 0.022814, 0.022814]"
STATE_MOTOR,1765353.2470576465,"[0.006902913545485385, 0.01227184630308513, 0.572941824275287, -0.006135923151542565, -0.01227184630308513, 0.49573210768220616]","[0.0, 0.0, 0.0, 0.0, 0.0, 0.0]","[0.022814, 0.022814, 0.433466, 0.022814, 0.022814, 0.022814]"
STATE_MOTOR,1785411.7240058258,"[0.006902913545485385, 0.01227184630308513, 0.572941824275287, -0.006135923151542565, -0.01227184630308513, 0.49573210768220616]","[0.0, 0.0, 0.0, 0.0, 0.0, 0.0]","[0.022814, 0.022814, 0.387838, 0.0, 0.022814, 0.0]"
STATE_MOTOR,1805473.6560443416,"[0.006902913545485385, 0.01227184630308513, 0.572941824275287, -0.006135923151542565, -0.01227184630308513, 0.49573210768220616]","[0.0, 0.0, 0.0, 0.0, 0.0, 0.0]","[0.022814, 0.022814, 0.433466, 0.022814, 0.022814, 0.022814]"
STATE_MOTOR,1825532.7140213922,"[0.006902913545485385, 0.01227184630308513, 0.572941824275287, -0.006135923151542565, -0.01227184630308513, 0.49573210768220616]","[0.0, 0.0, 0.0, 0.0, 0.0, 0.0]","[0.022814, 0.022814, 0.433466, 0.022814, 0.022814, 0.0]"
STATE_MOTOR,1845590.349053964,"[0.006902913545485385, 0.01227184630308513, 0.572941824275287, -0.006135923151542565, -0.01227184630308513, 0.49573210768220616]","[0.0, 0.0, 0.0, 0.0, 0.0, 0.0]","[0.0, 0.022814, 0.524722, 0.022814, 0.022814, 0.022814]"
STATE_MOTOR,1865653.3530447632,"[0.006902913545485385, 0.01227184630308513, 0.572941824275287, -0.006135923151542565, -0.01227184630308513, 0.49573210768220616]","[0.0, 0.0, 0.0, 0.0, 0.0, 0.0]","[0.022814, 0.022814, 0.387838, 0.0, 0.045628, 0.022814]"
STATE_MOTOR,1885712.2800545767,"[0.006902913545485385, 0.01227184630308513, 0.572941824275287, -0.006135923151542565, -0.01227184630308513, 0.49573210768220616]","[0.0, 0.0, 0.0, 0.0, 0.0, 0.0]","[0.0, 0.0, 0.387838, 0.0, 0.022814, 0.022814]"
STATE_MOTOR,1905773.742008023,"[0.006902913545485385, 0.01227184630308513, 0.572941824275287, -0.006135923151542565, -0.01227184630308513, 0.49573210768220616]","[0.0, 0.0, 0.0, 0.0, 0.0, 0.0]","[0.022814, 0.022814, 0.433466, 0.022814, 0.022814, 0.022814]"
STATE_MOTOR,1925842.5639709458,"[0.006902913545485385, 0.01227184630308513, 0.572941824275287, -0.006135923151542565, -0.01227184630308513, 0.49573210768220616]","[0.0, 0.0, 0.0, 0.0, 0.0, 0.0]","[0.022814, 0.022814, 0.433466, 0.0, 0.022814, 0.022814]"
STATE_MOTOR,1945900.629973039,"[0.006902913545485385, 0.01227184630308513, 0.572941824275287, -0.006135923151542565, -0.01227184630308513, 0.49573210768220616]","[0.0, 0.0, 0.0, 0.0, 0.0, 0.0]","[0.022814, 0.022814, 0.410652, 0.0, 0.022814, 0.0]"
STATE_MOTOR,1965962.9730740562,"[0.006902913545485385, 0.01227184630308513, 0.572941824275287, -0.006135923151542565, -0.01227184630308513, 0.49573210768220616]","[0.0, 0.0, 0.0, 0.0, 0.0, 0.0]","[0.0, 0.022814, 0.524722, 0.022814, 0.022814, 0.022814]"
STATE_MOTOR,1986020.2280106023,"[0.006902913545485385, 0.01227184630308513, 0.572941824275287, -0.006135923151542565, -0.01227184630308513, 0.49573210768220616]","[0.0, 0.0, 0.0, 0.0, 0.0, 0.0]","[0.022814, 0.022814, 0.387838, 0.022814, 0.022814, 0.022814]"
STATE_MOTOR,2006077.4630401284,"[0.006902913545485385, 0.01227184630308513, 0.572941824275287, -0.006135923151542565, -0.01227184630308513, 0.49573210768220616]","[0.0, 0.0, 0.0, 0.0, 0.0, 0.0]","[0.022814, 0.0, 0.410652, 0.022814, 0.022814, 0.022814]"
STATE_MOTOR,2026174.537022598,"[0.006902913545485385, 0.01227184630308513, 0.572941824275287, -0.006135923151542565, -0.01227184630308513, 0.49573210768220616]","[0.0, 0.0, 0.0, 0.0, 0.0, 0.0]","[0.022814, 0.0, 0.387838, 0.0, 0.022814, 0.0]"
STATE_MOTOR,2046232.221997343,"[0.006902913545485385, 0.01227184630308513, 0.572941824275287, -0.006135923151542565, -0.01227184630308513, 0.49573210768220616]","[0.0, 0.0, 0.0, 0.0, 0.0, 0.0]","[0.022814, 0.022814, 0.501908, 0.022814, 0.022814, 0.022814]"
STATE_MOTOR,2066299.3720034137,"[0.006902913545485385, 0.01227184630308513, 0.572941824275287, -0.006135923151542565, -0.01227184630308513, 0.49573210768220616]","[0.0, 0.0, 0.0, 0.0, 0.0, 0.0]","[0.022814, 0.0, 0.387838, 0.0, 0.022814, 0.022814]"
STATE_MOTOR,2086357.7889977023,"[0.006902913545485385, 0.01227184630308513, 0.572941824275287, -0.006135923151542565, -0.01227184630308513, 0.49573210768220616]","[0.0, 0.0, 0.0, 0.0, 0.0, 0.0]","[0.0, 0.0, 0.524722, 0.022814, 0.022814, 0.022814]"
STATE_MOTOR,2106415.9750239924,"[0.006902913545485385, 0.01227184630308513, 0.572941824275287, -0.006135923151542565, -0.01227184630308513, 0.49573210768220616]","[0.0, 0.0, 0.0, 0.0, 0.0, 0.0]","[0.0, 0.0, 0.479094, 0.022814, 0.022814, 0.022814]"
STATE_MOTOR,2126476.8560649827,"[0.006902913545485385, 0.01227184630308513, 0.572941824275287, -0.006135923151542565, -0.01227184630308513, 0.49573210768220616]","[0.0, 0.0, 0.0, 0.0, 0.0, 0.0]","[0.022814, 0.022814, 0.410652, 0.022814, 0.022814, 0.022814]"
STATE_MOTOR,2146536.765038036,"[0.006902913545485385, 0.01227184630308513, 0.572941824275287, -0.006135923151542565, -0.01227184630308513, 0.49573210768220616]","[0.0, 0.0, 0.0, 0.0, 0.0, 0.0]","[0.022814, 0.022814, 0.410652, 0.022814, 0.022814, 0.022814]"
STATE_MOTOR,2166594.4500127807,"[0.006902913545485385, 0.01227184630308513, 0.572941824275287, -0.006135923151542565, -0.01227184630308513, 0.49573210768220616]","[0.0, 0.0, 0.0, 0.0, 0.0, 0.0]","[0.022814, 0.022814, 0.387838, 0.0, 0.045628, 0.0]"
STATE_MOTOR,2186652.8269601986,"[0.006902913545485385, 0.01227184630308513, 0.572941824275287, -0.006135923151542565, -0.01227184630308513, 0.49573210768220616]","[0.0, 0.0, 0.0, 0.0, 0.0, 0.0]","[0.022814, 0.022814, 0.410652, 0.022814, 0.022814, 0.022814]"
STATE_MOTOR,2206714.8690111935,"[0.006902913545485385, 0.01227184630308513, 0.572941824275287, -0.006135923151542565, -0.01227184630308513, 0.49573210768220616]","[0.0, 0.0, 0.0, 0.0, 0.0, 0.0]","[0.0, 0.022814, 0.387838, 0.0, 0.022814, 0.0]"
STATE_MOTOR,2226775.49906075,"[0.006902913545485385, 0.01227184630308513, 0.572941824275287, -0.006135923151542565, -0.01227184630308513, 0.49573210768220616]","[0.0, 0.0, 0.0, 0.0, 0.0, 0.0]","[0.0, 0.022814, 0.365024, 0.022814, 0.022814, 0.0]"
STATE_MOTOR,2246833.9760089293,"[0.006902913545485385, 0.01227184630308513, 0.572941824275287, -0.006135923151542565, -0.01227184630308513, 0.49573210768220616]","[0.0, 0.0, 0.0, 0.0, 0.0, 0.0]","[0.0, 0.022814, 0.433466, 0.0, 0.022814, 0.022814]"
STATE_MOTOR,2266895.4170076177,"[0.006902913545485385, 0.01227184630308513, 0.572941824275287, -0.006135923151542565, -0.01227184630308513, 0.49573210768220616]","[0.0, 0.0, 0.0, 0.0, 0.0, 0.0]","[0.0, 0.022814, 0.501908, 0.0, 0.022814, 0.022814]"
STATE_MOTOR,2286955.4460048676,"[0.006902913545485385, 0.01227184630308513, 0.572941824275287, -0.006135923151542565, -0.01227184630308513, 0.49573210768220616]","[0.0, 0.0, 0.0, 0.0, 0.0, 0.0]","[0.022814, 0.022814, 0.387838, 0.0, 0.022814, 0.022814]"
STATE_MOTOR,2307011.7600727826,"[0.006902913545485385, 0.01227184630308513, 0.572941824275287, -0.006135923151542565, -0.01227184630308513, 0.49573210768220616]","[0.0, 0.0, 0.0, 0.0, 0.0, 0.0]","[0.022814, 0.0, 0.387838, 0.0, 0.022814, 0.022814]"
STATE_MOTOR,2327074.4329784065,"[0.006902913545485385, 0.01227184630308513, 0.572941824275287, -0.006135923151542565, -0.01227184630308513, 0.49573210768220616]","[0.0, 0.0, 0.0, 0.0, 0.0, 0.0]","[0.022814, 0.0, 0.365024, 0.022814, 0.022814, 0.0]"
STATE_MOTOR,2347132.808994502,"[0.006902913545485385, 0.01227184630308513, 0.572941824275287, -0.006135923151542565, -0.01227184630308513, 0.49573210768220616]","[0.0, 0.0, 0.0, 0.0, 0.0, 0.0]","[0.022814, 0.022814, 0.501908, 0.0, 0.022814, 0.022814]"
STATE_MOTOR,2367192.137055099,"[0.006902913545485385, 0.01227184630308513, 0.572941824275287, -0.006135923151542565, -0.01227184630308513, 0.49573210768220616]","[0.0, 0.0, 0.0, 0.0, 0.0, 0.0]","[0.0, 0.0, 0.410652, 0.022814, 0.022814, 0.022814]"
STATE_MOTOR,2387252.297019586,"[0.006902913545485385, 0.01227184630308513, 0.572941824275287, -0.006135923151542565, -0.01227184630308513, 0.49573210768220616]","[0.0, 0.0, 0.0, 0.0, 0.0, 0.0]","[0.022814, 0.0, 0.547536, 0.022814, 0.022814, 0.022814]"
STATE_MOTOR,2407308.7100405246,"[0.006902913545485385, 0.01227184630308513, 0.572941824275287, -0.006135923151542565, -0.01227184630308513, 0.49573210768220616]","[0.0, 0.0, 0.0, 0.0, 0.0, 0.0]","[0.0, 0.0, 0.410652, 0.022814, 0.022814, 0.022814]"
STATE_MOTOR,2427364.7440131754,"[0.006902913545485385, 0.01227184630308513, 0.572941824275287, -0.006135923151542565, -0.01227184630308513, 0.49573210768220616]","[0.0, 0.0, 0.0, 0.0, 0.0, 0.0]","[0.022814, 0.0, 0.387838, 0.0, 0.022814, 0.022814]"
STATE_MOTOR,2447427.43705865,"[0.006902913545485385, 0.01227184630308513, 0.572941824275287, -0.006135923151542565, -0.01227184630308513, 0.49573210768220616]","[0.0, 0.0, 0.0, 0.0, 0.0, 0.0]","[0.022814, 0.022814, 0.387838, 0.0, 0.022814, 0.022814]"
STATE_MOTOR,2467486.734967679,"[0.006902913545485385, 0.01227184630308513, 0.572941824275287, -0.006135923151542565, -0.01227184630308513, 0.49573210768220616]","[0.0, 0.0, 0.0, 0.0, 0.0, 0.0]","[0.022814, 0.0, 0.433466, 0.022814, 0.022814, 0.0]"
STATE_MOTOR,2487545.33205647,"[0.006902913545485385, 0.01227184630308513, 0.572941824275287, -0.006135923151542565, -0.01227184630308513, 0.49573210768220616]","[0.0, 0.0, 0.0, 0.0, 0.0, 0.0]","[0.0, 0.0, 0.45628, 0.0, 0.022814, 0.022814]"
STATE_MOTOR,2507605.70098646,"[0.006902913545485385, 0.01227184630308513, 0.572941824275287, -0.006135923151542565, -0.01227184630308513, 0.49573210768220616]","[0.0, 0.0, 0.0, 0.0, 0.0, 0.0]","[0.022814, 0.0, 0.387838, 0.022814, 0.045628, 0.022814]"
STATE_MOTOR,2527666.2709657103,"[0.006902913545485385, 0.01227184630308513, 0.572941824275287, -0.006135923151542565, -0.01227184630308513, 0.49573210768220616]","[0.0, 0.0, 0.0, 0.0, 0.0, 0.0]","[0.022814, 0.0, 0.433466, 0.0, 0.022814, 0.0]"
STATE_MOTOR,2547723.9369647577,"[0.006902913545485385, 0.01227184630308513, 0.572941824275287, -0.006135923151542565, -0.01227184630308513, 0.49573210768220616]","[0.0, 0.0, 0.0, 0.0, 0.0, 0.0]","[0.022814, 0.0, 0.501908, 0.0, 0.045628, 0.022814]"
STATE_MOTOR,2567779.178963974,"[0.006902913545485385, 0.01227184630308513, 0.572941824275287, -0.006135923151542565, -0.01227184630308513, 0.49573210768220616]","[0.0, 0.0, 0.0, 0.0, 0.0, 0.0]","[0.022814, 0.0, 0.479094, 0.022814, 0.022814, 0.022814]"
STATE_MOTOR,2587835.8529880643,"[0.006902913545485385, 0.01380582709097077, 0.572941824275287, -0.006135923151542565, -0.01227184630308513, 0.49573210768220616]","[0.0, 0.07669903939428206, 0.0, 0.0, 0.0, 0.0]","[0.022814, 0.0, 0.387838, 0.0, 0.022814, 0.0]"
STATE_MOTOR,2607894.7900095955,"[0.006902913545485385, 0.015339807878856412, 0.572941824275287, -0.006135923151542565, -0.01227184630308513, 0.49573210768220616]","[0.0, 0.07669903939428206, 0.0, 0.0, 0.0, 0.0]","[0.022814, 0.0, 0.45628, 0.022814, 0.022814, 0.022814]"
STATE_MOTOR,2627956.1209958047,"[0.006902913545485385, 0.01687378866674205, 0.572941824275287, -0.006135923151542565, -0.01227184630308513, 0.49573210768220616]","[0.0, 0.0, 0.0, 0.0, 0.0, 0.0]","[0.022814, 0.0, 0.524722, 0.022814, 0.022814, 0.022814]"
STATE_MOTOR,2648013.657075353,"[0.006902913545485385, 0.019941750242513333, 0.572941824275287, -0.006135923151542565, -0.01227184630308513, 0.49573210768220616]","[0.0, 0.15339807878856412, 0.0, 0.0, 0.0, 0.0]","[0.0, 0.022814, 0.387838, 0.022814, 0.022814, 0.0]"
STATE_MOTOR,2668071.613064967,"[0.006902913545485385, 0.023009711818284616, 0.572941824275287, -0.006135923151542565, -0.01227184630308513, 0.49573210768220616]","[0.0, 0.15339807878856412, 0.0, 0.0, 0.0, 0.0]","[0.0, 0.0, 0.387838, 0.022814, 0.022814, 0.022814]"
STATE_MOTOR,2688130.220049061,"[0.006902913545485385, 0.023009711818284616, 0.572941824275287, -0.006135923151542565, -0.01227184630308513, 0.49573210768220616]","[0.0, 0.07669903939428206, 0.0, 0.0, 0.0, 0.0]","[0.0, 0.0, 0.547536, 0.0, 0.022814, 0.0]"
STATE_MOTOR,2708190.7300744206,"[0.006902913545485385, 0.023009711818284616, 0.572941824275287, -0.006135923151542565, -0.01227184630308513, 0.49573210768220616]","[0.0, 0.0, 0.0, 0.0, 0.0, 0.0]","[0.0, 0.0, 0.479094, 0.0, 0.022814, 0.0]"
STATE_MOTOR,2728252.251050435,"[0.006902913545485385, 0.023009711818284616, 0.572941824275287, -0.006135923151542565, -0.01227184630308513, 0.49573210768220616]","[0.0, 0.0, 0.0, 0.0, 0.0, 0.0]","[0.022814, 0.0, 0.387838, 0.0, 0.022814, 0.0]"
STATE_MOTOR,2748312.690993771,"[0.006902913545485385, 0.02454369260617026, 0.572941824275287, -0.006135923151542565, -0.01227184630308513, 0.49573210768220616]","[0.0, 0.0, 0.0, 0.0, 0.0, 0.0]","[0.0, 0.022814, 0.45628, 0.0, 0.022814, 0.0]"
STATE_MOTOR,2768370.8269614726,"[0.006902913545485385, 0.02454369260617026, 0.572941824275287, -0.006135923151542565, -0.01227184630308513, 0.49573210768220616]","[0.0, 0.07669903939428206, 0.0, 0.0, 0.0, 0.0]","[0.022814, 0.0, 0.387838, 0.022814, 0.045628, 0.022814]"
STATE_MOTOR,2788428.802974522,"[0.006902913545485385, 0.02454369260617026, 0.572941824275287, -0.006135923151542565, -0.01227184630308513, 0.49573210768220616]","[0.0, 0.0, 0.0, 0.0, 0.0, 0.0]","[0.022814, 0.0, 0.45628, 0.0, 0.045628, 0.022814]"
STATE_MOTOR,2808445.8980010822,"[0.006902913545485385, 0.02454369260617026, 0.572941824275287, -0.006135923151542565, -0.01227184630308513, 0.49573210768220616]","[0.0, 0.0, 0.0, 0.0, 0.0, 0.0]","[0.022814, 0.0, 0.479094, 0.022814, 0.022814, 0.0]"
STATE_MOTOR,2828504.504985176,"[0.006902913545485385, 0.02454369260617026, 0.572941824275287, -0.006135923151542565, -0.01227184630308513, 0.49573210768220616]","[0.0, 0.0, 0.0, 0.0, 0.0, 0.0]","[0.0, 0.0, 0.45628, 0.022814, 0.022814, 0.022814]"
STATE_MOTOR,2848562.572035007,"[0.006902913545485385, 0.02914563496982718, 0.572941824275287, -0.006135923151542565, -0.01227184630308513, 0.49573210768220616]","[0.0, 0.15339807878856412, 0.0, 0.0, 0.0, 0.0]","[0.022814, 0.022814, 0.387838, 0.0, 0.045628, 0.0]"
STATE_MOTOR,2868626.256007701,"[0.006902913545485385, 0.032213596545598466, 0.572941824275287, -0.006135923151542565, -0.01227184630308513, 0.49573210768220616]","[0.0, 0.23009711818284617, 0.0, 0.0, 0.0, 0.0]","[0.022814, 0.022814, 0.501908, 0.022814, 0.022814, 0.0]"
STATE_MOTOR,2888644.7129771113,"[0.006902913545485385, 0.035281558121369745, 0.572941824275287, -0.006135923151542565, -0.01227184630308513, 0.49573210768220616]","[0.0, 0.07669903939428206, 0.0, 0.0, 0.0, 0.0]","[0.022814, 0.0, 0.365024, 0.0, 0.022814, 0.022814]"
STATE_MOTOR,2908704.171073623,"[0.006902913545485385, 0.035281558121369745, 0.572941824275287, -0.006135923151542565, -0.01227184630308513, 0.49573210768220616]","[0.0, 0.07669903939428206, 0.0, 0.0, 0.0, 0.0]","[0.0, 0.0, 0.524722, 0.022814, 0.022814, 0.022814]"
STATE_MOTOR,2928771.5209648013,"[0.006902913545485385, 0.035281558121369745, 0.572941824275287, -0.006135923151542565, -0.01227184630308513, 0.49573210768220616]","[0.0, 0.0, 0.0, 0.0, 0.0, 0.0]","[0.022814, 0.0, 0.433466, 0.0, 0.022814, 0.0]"
STATE_MOTOR,2948832.0410018787,"[0.006902913545485385, 0.035281558121369745, 0.572941824275287, -0.006135923151542565, -0.01227184630308513, 0.49573210768220616]","[0.0, 0.0, 0.0, 0.0, 0.0, 0.0]","[0.022814, 0.0, 0.45628, 0.022814, 0.022814, 0.0]"
STATE_MOTOR,2968891.298980452,"[0.006902913545485385, 0.035281558121369745, 0.572941824275287, -0.006135923151542565, -0.01227184630308513, 0.49573210768220616]","[0.0, 0.0, 0.0, 0.0, 0.0, 0.0]","[0.0, 0.0, 0.387838, 0.022814, 0.022814, 0.0]"
STATE_MOTOR,2988949.8660340905,"[0.006902913545485385, 0.03834951969714103, 0.5714078434874014, -0.006135923151542565, -0.01227184630308513, 0.49573210768220616]","[0.0, 0.07669903939428206, -0.07669903939428206, 0.0, 0.0, 0.0]","[0.0, 0.0, 0.524722, 0.0, 0.022814, 0.022814]"
STATE_MOTOR,3009008.113062009,"[0.006902913545485385, 0.04141748127291231, 0.5714078434874014, -0.006135923151542565, -0.01227184630308513, 0.49573210768220616]","[0.0, 0.15339807878856412, 0.0, 0.0, 0.0, 0.0]","[0.022814, 0.0, 0.365024, 0.0, 0.022814, 0.0]"
STATE_MOTOR,3029098.0860590935,"[0.006902913545485385, 0.04295146206079795, 0.5714078434874014, -0.006135923151542565, -0.01227184630308513, 0.49573210768220616]","[0.0, 0.07669903939428206, 0.0, 0.0, 0.0, 0.0]","[0.022814, 0.0, 0.479094, 0.022814, 0.022814, 0.022814]"
STATE_MOTOR,3049156.4229596406,"[0.006902913545485385, 0.044485442848683596, 0.5714078434874014, -0.006135923151542565, -0.01227184630308513, 0.49573210768220616]","[0.0, 0.07669903939428206, 0.0, 0.0, 0.0, 0.0]","[0.022814, 0.0, 0.410652, 0.022814, 0.022814, 0.022814]"
STATE_MOTOR,3069216.722040437,"[0.006902913545485385, 0.044485442848683596, 0.572941824275287, -0.006135923151542565, -0.01227184630308513, 0.49573210768220616]","[0.0, 0.07669903939428206, 0.07669903939428206, 0.0, 0.0, 0.0]","[0.022814, 0.0, 0.387838, 0.0, 0.022814, 0.022814]"
STATE_MOTOR,3089280.7180061936,"[0.006902913545485385, 0.044485442848683596, 0.572941824275287, -0.006135923151542565, -0.01227184630308513, 0.49573210768220616]","[0.0, 0.0, 0.0, 0.0, 0.0, 0.0]","[0.022814, 0.0, 0.410652, 0.022814, 0.022814, 0.0]"
STATE_MOTOR,3109337.782021612,"[0.006902913545485385, 0.044485442848683596, 0.572941824275287, -0.006135923151542565, -0.01227184630308513, 0.49573210768220616]","[0.0, 0.0, 0.0, 0.0, 0.0, 0.0]","[0.0, 0.0, 0.387838, 0.022814, 0.022814, 0.0]"
STATE_MOTOR,3129394.8270613328,"[0.006902913545485385, 0.04601942363656923, 0.5714078434874014, -0.006135923151542565, -0.01227184630308513, 0.49573210768220616]","[0.0, 0.0, 0.0, 0.0, 0.0, 0.0]","[0.022814, 0.0, 0.410652, 0.022814, 0.022814, 0.022814]"
