type,timestamp,positions,velocities,torques
STATE_MOTOR,5.969079211354256,"[-0.008436894333371026, 0.007669903939428206, 0.5790777474268295, -0.0015339807878856412, 0.010737865515199488, 0.49770190413657256]","[0.0, 0.0, 0.0, 0.0, 0.0, 0.0]","[0.0, 0.0, 0.479094, 0.0, 0.022814, 0.022814]"
STATE_MOTOR,20086.617092601955,"[-0.008436894333371026, 0.007669903939428206, 0.5790777474268295, -0.0015339807878856412, 0.010737865515199488, 0.49770190413657256]","[0.0, 0.0, 0.0, 0.0, 0.0, 0.0]","[0.022814, 0.022814, 0.433466, 0.0, 0.022814, 0.022814]"
STATE_MOTOR,40143.970982171595,"[-0.008436894333371026, 0.007669903939428206, 0.5790777474268295, -0.0015339807878856412, 0.010737865515199488, 0.49770190413657256]","[0.0, 0.0, 0.0, 0.0, 0.0, 0.0]","[0.022814, 0.0, 0.433466, 0.0, 0.022814, 0.0]"
STATE_MOTOR,60197.76908215135,"[-0.008436894333371026, 0.007669903939428206, 0.5790777474268295, -0.0015339807878856412, 0.010737865515199488, 0.49770190413657256]","[0.0, 0.0, 0.0, 0.0, 0.0, 0.0]","[0.0, 0.022814, 0.433466, 0.0, 0.022814, 0.0]"
STATE_MOTOR,80263.35504837334,"[-0.008436894333371026, 0.007669903939428206, 0.5790777474268295, -0.0015339807878856412, 0.010737865515199488, 0.49770190413657256]","[0.0, 0.0, 0.0, 0.0, 0.0, 0.0]","[0.022814, 0.022814, 0.433466, 0.0, 0.022814, 0.0]"
STATE_MOTOR,100321.53001520783,"[-0.008436894333371026, 0.007669903939428206, 0.5790777474268295, -0.0015339807878856412, 0.010737865515199488, 0.49770190413657256]","[0.0, 0.0, 0.0, 0.0, 0.0, 0.0]","[0.0, 0.0, 0.433466, 0.0, 0.022814, 0.0]"
STATE_MOTOR,120377.70205643028,"[-0.008436894333371026, 0.007669903939428206, 0.5790777474268295, -0.0015339807878856412, 0.010737865515199488, 0.49770190413657256]","[0.0, 0.0, 0.0, 0.0, 0.0, 0.0]","[0.022814, 0.022814, 0.501908, 0.0, 0.022814, 0.0]"
STATE_MOTOR,140435.0750381127,"[-0.008436894333371026, 0.007669903939428206, 0.5790777474268295, -0.0015339807878856412, 0.010737865515199488, 0.49770190413657256]","[0.0, 0.0, 0.0, 0.0, 0.0, 0.0]","[0.0, 0.0, 0.410652, 0.0, 0.022814, 0.0]"
STATE_MOTOR,160491.7080840096,"[-0.008436894333371026, 0.007669903939428206, 0.5790777474268295, -0.0015339807878856412, 0.010737865515199488, 0.49770190413657256]","[0.0, 0.0, 0.0, 0.0, 0.0, 0.0]","[0.022814, 0.0, 0.433466, 0.0, 0.0, 0.0]"
STATE_MOTOR,180556.44200649112,"[-0.008436894333371026, 0.007669903939428206, 0.5790777474268295, -0.0015339807878856412, 0.010737865515199488, 0.49770190413657256]","[0.0, 0.0, 0.0, 0.0, 0.0, 0.0]","[0.0, 0.022814, 0.479094, 0.0, 0.022814, 0.0]"
STATE_MOTOR,200614.1160381958,"[-0.008436894333371026, 0.007669903939428206, 0.5790777474268295, -0.0015339807878856412, 0.010737865515199488, 0.49770190413657256]","[0.0, 0.0, 0.0, 0.0, 0.0, 0.0]","[0.022814, 0.022814, 0.433466, 0.0, 0.022814, 0.0]"
STATE_MOTOR,220671.54000978917,"[-0.008436894333371026, 0.007669903939428206, 0.5790777474268295, -0.0015339807878856412, 0.010737865515199488, 0.49770190413657256]","[0.0, 0.0, 0.0, 0.0, 0.0, 0.0]","[0.022814, 0.0, 0.479094, 0.0, 0.022814, 0.0]"
STATE_MOTOR,240729.6550227329,"[-0.008436894333371026, 0.007669903939428206, 0.5790777474268295, -0.0015339807878856412, 0.010737865515199488, 0.49770190413657256]","[0.0, 0.0, 0.0, 0.0, 0.0, 0.0]","[0.022814, 0.0, 0.433466, 0.0, 0.022814, 0.022814]"
STATE_MOTOR,260786.6880716756,"[-0.008436894333371026, 0.007669903939428206, 0.5790777474268295, -0.0015339807878856412, 0.010737865515199488, 0.49770190413657256]","[0.0, 0.0, 0.0, 0.0, 0.0, 0.0]","[0.022814, 0.0, 0.479094, 0.0, 0.0, 0.022814]"
STATE_MOTOR,280850.31104274094,"[-0.008436894333371026, 0.007669903939428206, 0.5790777474268295, -0.0015339807878856412, 0.010737865515199488, 0.49770190413657256]","[0.0, 0.0, 0.0, 0.0, 0.0, 0.0]","[0.022814, 0.022814, 0.45628, 0.0, 0.022814, 0.0]"
STATE_MOTOR,300907.68402442336,"[-0.008436894333371026, 0.007669903939428206, 0.5790777474268295, -0.0015339807878856412, 0.010737865515199488, 0.49770190413657256]","[0.0, 0.0, 0.0, 0.0, 0.0, 0.0]","[0.022814, 0.0, 0.410652, 0.0, 0.022814, 0.0]"
STATE_MOTOR,320965.0380304083,"[-0.008436894333371026, 0.007669903939428206, 0.5790777474268295, -0.0015339807878856412, 0.010737865515199488, 0.49770190413657256]","[0.0, 0.0, 0.0, 0.0, 0.0, 0.0]","[0.022814, 0.022814, 0.410652, 0.0, 0.022814, 0.0]"
STATE_MOTOR,341022.3920363933,"[-0.008436894333371026, 0.007669903939428206, 0.5790777474268295, -0.0015339807878856412, 0.010737865515199488, 0.49770190413657256]","[0.0, 0.0, 0.0, 0.0, 0.0, 0.0]","[0.022814, 0.0, 0.433466, 0.0, 0.022814, 0.0]"
STATE_MOTOR,361077.01098080724,"[-0.008436894333371026, 0.007669903939428206, 0.5790777474268295, -0.0015339807878856412, 0.010737865515199488, 0.49770190413657256]","[0.0, 0.0, 0.0, 0.0, 0.0, 0.0]","[0.0, 0.022814, 0.433466, 0.0, 0.022814, 0.0]"
STATE_MOTOR,381142.7269829437,"[-0.008436894333371026, 0.007669903939428206, 0.5790777474268295, -0.0015339807878856412, 0.010737865515199488, 0.49770190413657256]","[0.0, 0.0, 0.0, 0.0, 0.0, 0.0]","[0.022814, 0.0, 0.410652, 0.0, 0.022814, 0.022814]"
STATE_MOTOR,401199.72999673337,"[-0.008436894333371026, 0.007669903939428206, 0.5790777474268295, -0.0015339807878856412, 0.010737865515199488, 0.49770190413657256]","[0.0, 0.0, 0.0, 0.0, 0.0, 0.0]","[0.022814, 0.0, 0.433466, 0.0, 0.022814, 0.022814]"
STATE_MOTOR,421256.3830660656,"[-0.008436894333371026, 0.007669903939428206, 0.5790777474268295, -0.0015339807878856412, 0.010737865515199488, 0.49770190413657256]","[0.0, 0.0, 0.0, 0.0, 0.0, 0.0]","[0.022814, 0.022814, 0.410652, 0.0, 0.022814, 0.022814]"
STATE_MOTOR,441312.1440447867,"[-0.008436894333371026, 0.007669903939428206, 0.5790777474268295, -0.0015339807878856412, 0.010737865515199488, 0.49770190413657256]","[0.0, 0.0, 0.0, 0.0, 0.0, 0.0]","[0.022814, 0.0, 0.433466, 0.0, 0.022814, 0.022814]"
STATE_MOTOR,461369.50806248933,"[-0.008436894333371026, 0.007669903939428206, 0.5790777474268295, -0.0015339807878856412, 0.010737865515199488, 0.49770190413657256]","[0.0, 0.0, 0.0, 0.0, 0.0, 0.0]","[0.022814, 0.022814, 0.410652, 0.0, 0.045628, 0.022814]"
STATE_MOTOR,481433.21101088077,"[-0.008436894333371026, 0.007669903939428206, 0.5790777474268295, -0.0015339807878856412, 0.010737865515199488, 0.49770190413657256]","[0.0, 0.0, 0.0, 0.0, 0.0, 0.0]","[0.022814, 0.0, 0.410652, 0.0, 0.022814, 0.022814]"
STATE_MOTOR,501492.5970463082,"[-0.008436894333371026, 0.007669903939428206, 0.5790777474268295, -0.0015339807878856412, 0.010737865515199488, 0.49770190413657256]","[0.0, 0.0, 0.0, 0.0, 0.0, 0.0]","[0.0, 0.0, 0.45628, 0.0, 0.022814, 0.0]"
STATE_MOTOR,521550.4210209474,"[-0.008436894333371026, 0.007669903939428206, 0.5790777474268295, -0.0015339807878856412, 0.010737865515199488, 0.49770190413657256]","[0.0, 0.0, 0.0, 0.0, 0.0, 0.0]","[0.0, 0.0, 0.433466, 0.0, 0.022814, 0.0]"
STATE_MOTOR,541607.4650129303,"[-0.008436894333371026, 0.007669903939428206, 0.5790777474268295, -0.0015339807878856412, 0.010737865515199488, 0.49770190413657256]","[0.0, 0.0, 0.0, 0.0, 0.0, 0.0]","[0.0, 0.0, 0.547536, 0.0, 0.022814, 0.0]"
STATE_MOTOR,561664.2170352861,"[-0.008436894333371026, 0.007669903939428206, 0.5790777474268295, -0.0015339807878856412, 0.010737865515199488, 0.49770190413657256]","[0.0, 0.0, 0.0, 0.0, 0.0, 0.0]","[0.0, 0.0, 0.547536, 0.0, 0.022814, 0.022814]"
STATE_MOTOR,581729.1020648554,"[-0.008436894333371026, 0.007669903939428206, 0.5790777474268295, -0.0015339807878856412, 0.010737865515199488, 0.49770190413657256]","[0.0, 0.0, 0.0, 0.0, 0.0, 0.0]","[0.022814, 0.0, 0.410652, 0.0, 0.022814, 0.0]"
STATE_MOTOR,601789.5600525662,"[-0.008436894333371026, 0.007669903939428206, 0.5790777474268295, -0.0015339807878856412, 0.010737865515199488, 0.49770190413657256]","[0.0, 0.0, 0.0, 0.0, 0.0, 0.0]","[0.022814, 0.0, 0.410652, 0.0, 0.022814, 0.0]"
STATE_MOTOR,621850.9600730613,"[-0.008436894333371026, 0.007669903939428206, 0.5790777474268295, -0.0015339807878856412, 0.010737865515199488, 0.49770190413657256]","[0.0, 0.0, 0.0, 0.0, 0.0, 0.0]","[0.022814, 0.022814, 0.547536, 0.0, 0.022814, 0.022814]"
STATE_MOTOR,641920.1410608366,"[-0.008436894333371026, 0.007669903939428206, 0.5790777474268295, -0.0015339807878856412, 0.010737865515199488, 0.49770190413657256]","[0.0, 0.0, 0.0, 0.0, 0.0, 0.0]","[0.0, 0.0, 0.501908, 0.0, 0.022814, 0.0]"
STATE_MOTOR,661988.5010877624,"[-0.008436894333371026, 0.007669903939428206, 0.5790777474268295, -0.0015339807878856412, 0.010737865515199488, 0.49770190413657256]","[0.0, 0.0, 0.0, 0.0, 0.0, 0.0]","[0.0, 0.0, 0.479094, 0.0, 0.022814, 0.0]"
STATE_MOTOR,682054.7180250287,"[-0.008436894333371026, 0.007669903939428206, 0.5790777474268295, -0.0015339807878856412, 0.010737865515199488, 0.49770190413657256]","[0.0, 0.0, 0.0, 0.0, 0.0, 0.0]","[0.0, 0.022814, 0.433466, 0.0, 0.022814, 0.0]"
STATE_MOTOR,702115.1060471311,"[-0.008436894333371026, 0.007669903939428206, 0.5790777474268295, -0.0015339807878856412, 0.010737865515199488, 0.49770190413657256]","[0.0, 0.0, 0.0, 0.0, 0.0, 0.0]","[0.022814, 0.022814, 0.524722, 0.0, 0.022814, 0.0]"
STATE_MOTOR,722173.6210631207,"[-0.008436894333371026, 0.007669903939428206, 0.5790777474268295, -0.0015339807878856412, 0.010737865515199488, 0.49770190413657256]","[0.0, 0.0, 0.0, 0.0, 0.0, 0.0]","[0.022814, 0.0, 0.524722, 0.0, 0.022814, 0.022814]"
STATE_MOTOR,742236.5130623803,"[-0.008436894333371026, 0.007669903939428206, 0.5790777474268295, -0.0015339807878856412, 0.010737865515199488, 0.49770190413657256]","[0.0, 0.0, 0.0, 0.0, 0.0, 0.0]","[0.0, 0.022814, 0.479094, 0.0, 0.022814, 0.0]"
STATE_MOTOR,762299.7750295326,"[-0.008436894333371026, 0.007669903939428206, 0.5790777474268295, -0.0015339807878856412, 0.010737865515199488, 0.49770190413657256]","[0.0, 0.0, 0.0, 0.0, 0.0, 0.0]","[0.022814, 0.0, 0.524722, 0.0, 0.0, 0.0]"
STATE_MOTOR,782371.1200617254,"[-0.008436894333371026, 0.007669903939428206, 0.5790777474268295, -0.0015339807878856412, 0.010737865515199488, 0.49770190413657256]","[0.0, 0.0, 0.0, 0.0, 0.0, 0.0]","[0.022814, 0.022814, 0.45628, 0.0, 0.022814, 0.0]"
STATE_MOTOR,802431.4680369571,"[-0.008436894333371026, 0.007669903939428206, 0.5790777474268295, -0.0015339807878856412, 0.010737865515199488, 0.49770190413657256]","[0.0, 0.0, 0.0, 0.0, 0.0, 0.0]","[0.022814, 0.0, 0.433466, 0.0, 0.022814, 0.0]"
STATE_MOTOR,822486.7880344391,"[-0.008436894333371026, 0.007669903939428206, 0.5790777474268295, -0.0015339807878856412, 0.010737865515199488, 0.49770190413657256]","[0.0, 0.0, 0.0, 0.0, 0.0, 0.0]","[0.022814, 0.0, 0.547536, 0.0, 0.022814, 0.0]"
STATE_MOTOR,842543.9620623365,"[-0.008436894333371026, 0.007669903939428206, 0.5790777474268295, -0.0015339807878856412, 0.010737865515199488, 0.49770190413657256]","[0.0, 0.0, 0.0, 0.0, 0.0, 0.0]","[0.022814, 0.022814, 0.410652, 0.0, 0.022814, 0.0]"
STATE_MOTOR,862600.4740362987,"[-0.008436894333371026, 0.007669903939428206, 0.5790777474268295, -0.0015339807878856412, 0.010737865515199488, 0.49770190413657256]","[0.0, 0.0, 0.0, 0.0, 0.0, 0.0]","[0.022814, 0.0, 0.547536, 0.0, 0.022814, 0.0]"
STATE_MOTOR,882662.7150410786,"[-0.008436894333371026, 0.007669903939428206, 0.5790777474268295, -0.0015339807878856412, 0.010737865515199488, 0.49770190413657256]","[0.0, 0.0, 0.0, 0.0, 0.0, 0.0]","[0.022814, 0.0, 0.45628, 0.0, 0.022814, 0.0]"
STATE_MOTOR,902720.5990860239,"[-0.008436894333371026, 0.007669903939428206, 0.5790777474268295, -0.0015339807878856412, 0.010737865515199488, 0.49770190413657256]","[0.0, 0.0, 0.0, 0.0, 0.0, 0.0]","[0.0, 0.0, 0.524722, 0.0, 0.0, 0.0]"
STATE_MOTOR,922776.6410913318,"[-0.008436894333371026, 0.007669903939428206, 0.5790777474268295, -0.0015339807878856412, 0.010737865515199488, 0.49770190413657256]","[0.0, 0.0, 0.0, 0.0, 0.0, 0.0]","[0.0, 0.0, 0.433466, 0.0, 0.022814, 0.0]"
STATE_MOTOR,942833.3539981395,"[-0.008436894333371026, 0.007669903939428206, 0.5790777474268295, -0.0015339807878856412, 0.010737865515199488, 0.49770190413657256]","[0.0, 0.0, 0.0, 0.0, 0.0, 0.0]","[0.0, 0.022814, 0.433466, 0.0, 0.0, 0.0]"
STATE_MOTOR,962887.9030933604,"[-0.008436894333371026, 0.007669903939428206, 0.5790777474268295, -0.0015339807878856412, 0.010737865515199488, 0.49770190413657256]","[0.0, 0.0, 0.0, 0.0, 0.0, 0.0]","[0.022814, 0.0, 0.433466, 0.0, 0.022814, 0.0]"
STATE_MOTOR,982946.0780601948,"[-0.008436894333371026, 0.007669903939428206, 0.5790777474268295, -0.0015339807878856412, 0.010737865515199488, 0.49770190413657256]","[0.0, 0.0, 0.0, 0.0, 0.0, 0.0]","[0.0, 0.022814, 0.433466, 0.0, 0.022814, 0.022814]"
STATE_MOTOR,1003002.5800224394,"[-0.008436894333371026, 0.007669903939428206, 0.5790777474268295, -0.0015339807878856412, 0.010737865515199488, 0.49770190413657256]","[0.0, 0.0, 0.0, 0.0, 0.0, 0.0]","[0.022814, 0.0, 0.410652, 0.0, 0.022814, 0.0]"
STATE_MOTOR,1023108.9669978246,"[-0.008436894333371026, 0.007669903939428206, 0.5790777474268295, -0.0015339807878856412, 0.010737865515199488, 0.49770190413657256]","[0.0, 0.0, 0.0, 0.0, 0.0, 0.0]","[0.0, 0.0, 0.433466, 0.0, 0.022814, 0.0]"
STATE_MOTOR,1043165.5290303752,"[-0.008436894333371026, 0.007669903939428206, 0.5790777474268295, -0.0015339807878856412, 0.010737865515199488, 0.49770190413657256]","[0.0, 0.0, 0.0, 0.0, 0.0, 0.0]","[0.022814, 0.0, 0.547536, 0.0, 0.022814, 0.022814]"
STATE_MOTOR,1063222.0720872283,"[-0.008436894333371026, 0.007669903939428206, 0.5790777474268295, -0.0015339807878856412, 0.010737865515199488, 0.49770190413657256]","[0.0, 0.0, 0.0, 0.0, 0.0, 0.0]","[0.022814, 0.0, 0.433466, 0.0, 0.022814, 0.022814]"
STATE_MOTOR,1083284.9040161818,"[-0.008436894333371026, 0.007669903939428206, 0.5790777474268295, -0.0015339807878856412, 0.010737865515199488, 0.49770190413657256]","[0.0, 0.0, 0.0, 0.0, 0.0, 0.0]","[0.022814, 0.022814, 0.410652, 0.0, 0.0, 0.0]"
STATE_MOTOR,1103342.5680361688,"[-0.008436894333371026, 0.007669903939428206, 0.5790777474268295, -0.0015339807878856412, 0.010737865515199488, 0.49770190413657256]","[0.0, 0.0, 0.0, 0.0, 0.0, 0.0]","[0.022814, 0.0, 0.524722, 0.0, 0.0, 0.0]"
STATE_MOTOR,1123416.7960938066,"[-0.008436894333371026, 0.007669903939428206, 0.5790777474268295, -0.0015339807878856412, 0.010737865515199488, 0.49770190413657256]","[0.0, 0.0, 0.0, 0.0, 0.0, 0.0]","[0.022814, 0.022814, 0.410652, 0.0, 0.022814, 0.0]"
STATE_MOTOR,1143479.0369821712,"[-0.008436894333371026, 0.007669903939428206, 0.5790777474268295, -0.0015339807878856412, 0.010737865515199488, 0.49770190413657256]","[0.0, 0.0, 0.0, 0.0, 0.0, 0.0]","[0.022814, 0.0, 0.433466, 0.0, 0.0, 0.0]"
STATE_MOTOR,1163536.9120631367,"[-0.008436894333371026, 0.007669903939428206, 0.5790777474268295, -0.0015339807878856412, 0.010737865515199488, 0.49770190413657256]","[0.0, 0.0, 0.0, 0.0, 0.0, 0.0]","[0.0, 0.0, 0.433466, 0.0, 0.022814, 0.0]"
STATE_MOTOR,1183597.440016456,"[-0.008436894333371026, 0.007669903939428206, 0.5790777474268295, -0.0015339807878856412, 0.010737865515199488, 0.49770190413657256]","[0.0, 0.0, 0.0, 0.0, 0.0, 0.0]","[0.022814, 0.0, 0.45628, 0.0, 0.0, 0.0]"
STATE_MOTOR,1203654.854092747,"[-0.008436894333371026, 0.007669903939428206, 0.5790777474268295, -0.0015339807878856412, 0.010737865515199488, 0.49770190413657256]","[0.0, 0.0, 0.0, 0.0, 0.0, 0.0]","[0.022814, 0.0, 0.547536, 0.0, 0.022814, 0.0]"
STATE_MOTOR,1223712.7780681476,"[-0.008436894333371026, 0.007669903939428206, 0.5790777474268295, -0.0015339807878856412, 0.010737865515199488, 0.49770190413657256]","[0.0, 0.0, 0.0, 0.0, 0.0, 0.0]","[0.022814, 0.022814, 0.433466, 0.0, 0.022814, 0.0]"
STATE_MOTOR,1243772.3650364205,"[-0.008436894333371026, 0.007669903939428206, 0.5790777474268295, -0.0015339807878856412, 0.010737865515199488, 0.49770190413657256]","[0.0, 0.0, 0.0, 0.0, 0.0, 0.0]","[0.022814, 0.0, 0.524722, 0.0, 0.022814, 0.022814]"
STATE_MOTOR,1263834.7160536796,"[-0.008436894333371026, 0.007669903939428206, 0.5790777474268295, -0.0015339807878856412, 0.010737865515199488, 0.49770190413657256]","[0.0, 0.0, 0.0, 0.0, 0.0, 0.0]","[0.022814, 0.0, 0.524722, 0.0, 0.022814, 0.022814]"
STATE_MOTOR,1283893.732004799,"[-0.008436894333371026, 0.007669903939428206, 0.5790777474268295, -0.0015339807878856412, 0.010737865515199488, 0.49770190413657256]","[0.0, 0.0, 0.0, 0.0, 0.0, 0.0]","[0.0, 0.0, 0.479094, 0.0, 0.022814, 0.022814]"
STATE_MOTOR,1303954.5710198581,"[-0.008436894333371026, 0.007669903939428206, 0.5790777474268295, -0.0015339807878856412, 0.010737865515199488, 0.49770190413657256]","[0.0, 0.0, 0.0, 0.0, 0.0, 0.0]","[0.022814, 0.022814, 0.410652, 0.0, 0.022814, 0.0]"
STATE_MOTOR,1324012.3450523242,"[-0.008436894333371026, 0.007669903939428206, 0.5790777474268295, -0.0015339807878856412, 0.010737865515199488, 0.49770190413657256]","[0.0, 0.0, 0.0, 0.0, 0.0, 0.0]","[0.0, 0.0, 0.410652, 0.0, 0.022814, 0.022814]"
STATE_MOTOR,1344068.9779818058,"[-0.008436894333371026, 0.007669903939428206, 0.5790777474268295, -0.0015339807878856412, 0.010737865515199488, 0.49770190413657256]","[0.0, 0.0, 0.0, 0.0, 0.0, 0.0]","[0.0, 0.0, 0.524722, 0.0, 0.022814, 0.0]"
STATE_MOTOR,1364126.1210432276,"[-0.008436894333371026, 0.007669903939428206, 0.5790777474268295, -0.0015339807878856412, 0.010737865515199488, 0.49770190413657256]","[0.0, 0.0, 0.0, 0.0, 0.0, 0.0]","[0.022814, 0.0, 0.547536, 0.0, 0.022814, 0.022814]"
STATE_MOTOR,1384183.6950741708,"[-0.008436894333371026, 0.007669903939428206, 0.5790777474268295, -0.0015339807878856412, 0.010737865515199488, 0.49770190413657256]","[0.0, 0.0, 0.0, 0.0, 0.0, 0.0]","[0.022814, 0.022814, 0.410652, 0.0, 0.022814, 0.0]"
STATE_MOTOR,1404243.7030002475,"[-0.008436894333371026, 0.007669903939428206, 0.5790777474268295, -0.0015339807878856412, 0.010737865515199488, 0.49770190413657256]","[0.0, 0.0, 0.0, 0.0, 0.0, 0.0]","[0.022814, 0.0, 0.524722, 0.0, 0.022814, 0.022814]"
STATE_MOTOR,1424301.807070151,"[-0.008436894333371026, 0.007669903939428206, 0.5790777474268295, -0.0015339807878856412, 0.010737865515199488, 0.49770190413657256]","[0.0, 0.0, 0.0, 0.0, 0.0, 0.0]","[0.022814, 0.0, 0.433466, 0.0, 0.0, 0.0]"
STATE_MOTOR,1444357.027998194,"[-0.008436894333371026, 0.007669903939428206, 0.5790777474268295, -0.0015339807878856412, 0.010737865515199488, 0.49770190413657256]","[0.0, 0.0, 0.0, 0.0, 0.0, 0.0]","[0.022814, 0.022814, 0.433466, 0.0, 0.022814, 0.022814]"
STATE_MOTOR,1464413.6200658977,"[-0.008436894333371026, 0.007669903939428206, 0.5790777474268295, -0.0015339807878856412, 0.010737865515199488, 0.49770190413657256]","[0.0, 0.0, 0.0, 0.0, 0.0, 0.0]","[0.022814, 0.022814, 0.547536, 0.0, 0.022814, 0.022814]"
STATE_MOTOR,1484472.7669842541,"[-0.008436894333371026, 0.007669903939428206, 0.5790777474268295, -0.0015339807878856412, 0.010737865515199488, 0.49770190413657256]","[0.0, 0.0, 0.0, 0.0, 0.0, 0.0]","[0.0, 0.022814, 0.57035, 0.0, 0.0, 0.0]"
STATE_MOTOR,1504529.8900222406,"[-0.008436894333371026, 0.007669903939428206, 0.5790777474268295, -0.0015339807878856412, 0.010737865515199488, 0.49770190413657256]","[0.0, 0.0, 0.0, 0.0, 0.0, 0.0]","[0.022814, 0.022814, 0.433466, 0.0, 0.022814, 0.0]"
STATE_MOTOR,1524585.3710221127,"[-0.008436894333371026, 0.007669903939428206, 0.5790777474268295, -0.0015339807878856412, 0.010737865515199488, 0.49770190413657256]","[0.0, 0.0, 0.0, 0.0, 0.0, 0.0]","[0.022814, 0.0, 0.501908, 0.0, 0.022814, 0.0]"
STATE_MOTOR,1544644.7680005804,"[-0.008436894333371026, 0.007669903939428206, 0.5790777474268295, -0.0015339807878856412, 0.010737865515199488, 0.49770190413657256]","[0.0, 0.0, 0.0, 0.0, 0.0, 0.0]","[0.022814, 0.0, 0.45628, 0.0, 0.022814, 0.0]"
STATE_MOTOR,1564701.9110620022,"[-0.008436894333371026, 0.007669903939428206, 0.5790777474268295, -0.0015339807878856412, 0.010737865515199488, 0.49770190413657256]","[0.0, 0.0, 0.0, 0.0, 0.0, 0.0]","[0.022814, 0.0, 0.547536, 0.0, 0.022814, 0.0]"
STATE_MOTOR,1584767.7470883355,"[-0.008436894333371026, 0.007669903939428206, 0.5790777474268295, -0.0015339807878856412, 0.010737865515199488, 0.49770190413657256]","[0.0, 0.0, 0.0, 0.0, 0.0, 0.0]","[0.022814, 0.0, 0.524722, 0.0, 0.0, 0.0]"
STATE_MOTOR,1604826.0820098221,"[-0.008436894333371026, 0.007669903939428206, 0.5790777474268295, -0.0015339807878856412, 0.010737865515199488, 0.49770190413657256]","[0.0, 0.0, 0.0, 0.0, 0.0, 0.0]","[0.0, 0.0, 0.410652, 0.0, 0.022814, 0.0]"
STATE_MOTOR,1624883.715994656,"[-0.008436894333371026, 0.007669903939428206, 0.5790777474268295, -0.0015339807878856412, 0.010737865515199488, 0.49770190413657256]","[0.0, 0.0, 0.0, 0.0, 0.0, 0.0]","[0.022814, 0.0, 0.479094, 0.0, 0.022814, 0.022814]"
STATE_MOTOR,1644940.5290186405,"[-0.008436894333371026, 0.007669903939428206, 0.5790777474268295, -0.0015339807878856412, 0.010737865515199488, 0.49770190413657256]","[0.0, 0.0, 0.0, 0.0, 0.0, 0.0]","[0.022814, 0.0, 0.57035, 0.0, 0.022814, 0.0]"
STATE_MOTOR,1664997.5520558655,"[-0.008436894333371026, 0.007669903939428206, 0.5790777474268295, -0.0015339807878856412, 0.010737865515199488, 0.49770190413657256]","[0.0, 0.0, 0.0, 0.0, 0.0, 0.0]","[0.022814, 0.022814, 0.433466, 0.0, 0.022814, 0.022814]"
STATE_MOTOR,1685056.288028136,"[-0.008436894333371026, 0.007669903939428206, 0.5790777474268295, -0.0015339807878856412, 0.010737865515199488, 0.49770190413657256]","[0.0, 0.0, 0.0, 0.0, 0.0, 0.0]","[0.0, 0.0, 0.479094, 0.0, 0.022814, 0.0]"
STATE_MOTOR,1705121.2030928582,"[-0.008436894333371026, 0.007669903939428206, 0.5790777474268295, -0.0015339807878856412, 0.010737865515199488, 0.49770190413657256]","[0.0, 0.0, 0.0, 0.0, 0.0, 0.0]","[0.022814, 0.022814, 0.45628, 0.0, 0.022814, 0.022814]"
STATE_MOTOR,1725182.552007027,"[-0.008436894333371026, 0.007669903939428206, 0.5790777474268295, -0.0015339807878856412, 0.010737865515199488, 0.49770190413657256]","[0.0, 0.0, 0.0, 0.0, 0.0, 0.0]","[0.022814, 0.022814, 0.433466, 0.0, 0.022814, 0.0]"
STATE_MOTOR,1745250.2109808847,"[-0.008436894333371026, 0.007669903939428206, 0.5790777474268295, -0.0015339807878856412, 0.010737865515199488, 0.49770190413657256]","[0.0, 0.0, 0.0, 0.0, 0.0, 0.0]","[0.022814, 0.0, 0.45628, 0.0, 0.0, 0.0]"
STATE_MOTOR,1765311.6610599682,"[-0.008436894333371026, 0.007669903939428206, 0.5790777474268295, -0.0015339807878856412, 0.010737865515199488, 0.49770190413657256]","[0.0, 0.0, 0.0, 0.0, 0.0, 0.0]","[0.022814, 0.0, 0.524722, 0.0, 0.022814, 0.022814]"
STATE_MOTOR,1785376.165062189,"[-0.008436894333371026, 0.007669903939428206, 0.5790777474268295, -0.0015339807878856412, 0.010737865515199488, 0.49770190413657256]","[0.0, 0.0, 0.0, 0.0, 0.0, 0.0]","[0.0, 0.022814, 0.410652, 0.022814, 0.022814, 0.022814]"
STATE_MOTOR,1805435.782065615,"[-0.008436894333371026, 0.007669903939428206, 0.5790777474268295, -0.0015339807878856412, 0.010737865515199488, 0.49770190413657256]","[0.0, 0.0, 0.0, 0.0, 0.0, 0.0]","[0.022814, 0.0, 0.547536, 0.0, 0.022814, 0.0]"
STATE_MOTOR,1825493.4260621667,"[-0.008436894333371026, 0.007669903939428206, 0.5790777474268295, -0.0015339807878856412, 0.010737865515199488, 0.49770190413657256]","[0.0, 0.0, 0.0, 0.0, 0.0, 0.0]","[0.022814, 0.022814, 0.524722, 0.0, 0.0, 0.0]"
STATE_MOTOR,1845549.1079948843,"[-0.008436894333371026, 0.007669903939428206, 0.5790777474268295, -0.0015339807878856412, 0.010737865515199488, 0.49770190413657256]","[0.0, 0.0, 0.0, 0.0, 0.0, 0.0]","[0.022814, 0.022814, 0.501908, 0.0, 0.0, 0.022814]"
STATE_MOTOR,1865609.6759950742,"[-0.008436894333371026, 0.007669903939428206, 0.5790777474268295, -0.0015339807878856412, 0.010737865515199488, 0.49770190413657256]","[0.0, 0.0, 0.0, 0.0, 0.0, 0.0]","[0.022814, 0.0, 0.547536, 0.0, 0.022814, 0.0]"
STATE_MOTOR,1885667.870985344,"[-0.008436894333371026, 0.007669903939428206, 0.5790777474268295, -0.0015339807878856412, 0.010737865515199488, 0.49770190413657256]","[0.0, 0.0, 0.0, 0.0, 0.0, 0.0]","[0.022814, 0.0, 0.547536, 0.0, 0.022814, 0.0]"
STATE_MOTOR,1905726.907076314,"[-0.008436894333371026, 0.007669903939428206, 0.5790777474268295, -0.0015339807878856412, 0.010737865515199488, 0.49770190413657256]","[0.0, 0.0, 0.0, 0.0, 0.0, 0.0]","[0.022814, 0.0, 0.410652, 0.0, 0.022814, 0.022814]"
STATE_MOTOR,1925782.868056558,"[-0.008436894333371026, 0.007669903939428206, 0.5790777474268295, -0.0015339807878856412, 0.010737865515199488, 0.49770190413657256]","[0.0, 0.0, 0.0, 0.0, 0.0, 0.0]","[0.022814, 0.022814, 0.433466, 0.0, 0.022814, 0.0]"
STATE_MOTOR,1945843.5770357028,"[-0.008436894333371026, 0.007669903939428206, 0.5790777474268295, -0.0015339807878856412, 0.010737865515199488, 0.49770190413657256]","[0.0, 0.0, 0.0, 0.0, 0.0, 0.0]","[0.0, 0.0, 0.45628, 0.0, 0.022814, 0.0]"
STATE_MOTOR,1965906.9000044838,"[-0.008436894333371026, 0.007669903939428206, 0.5790777474268295, -0.0015339807878856412, 0.010737865515199488, 0.49770190413657256]","[0.0, 0.0, 0.0, 0.0, 0.0, 0.0]","[0.022814, 0.022814, 0.410652, 0.0, 0.022814, 0.022814]"
STATE_MOTOR,1985965.70501104,"[-0.008436894333371026, 0.007669903939428206, 0.5790777474268295, -0.0015339807878856412, 0.010737865515199488, 0.49770190413657256]","[0.0, 0.0, 0.0, 0.0, 0.0, 0.0]","[0.022814, 0.0, 0.433466, 0.0, 0.022814, 0.022814]"
STATE_MOTOR,2006024.2810286582,"[-0.008436894333371026, 0.007669903939428206, 0.5790777474268295, -0.0015339807878856412, 0.010737865515199488, 0.49770190413657256]","[0.0, 0.0, 0.0, 0.0, 0.0, 0.0]","[0.0, 0.022814, 0.57035, 0.0, 0.022814, 0.0]"
STATE_MOTOR,2026109.55608543,"[-0.008436894333371026, 0.007669903939428206, 0.5790777474268295, -0.0015339807878856412, 0.010737865515199488, 0.49770190413657256]","[0.0, 0.0, 0.0, 0.0, 0.0, 0.0]","[0.022814, 0.022814, 0.524722, 0.0, 0.022814, 0.022814]"
STATE_MOTOR,2046167.3310492188,"[-0.008436894333371026, 0.007669903939428206, 0.5790777474268295, -0.0015339807878856412, 0.010737865515199488, 0.49770190413657256]","[0.0, 0.0, 0.0, 0.0, 0.0, 0.0]","[0.022814, 0.0, 0.433466, 0.0, 0.022814, 0.0]"
STATE_MOTOR,2066227.8290838003,"[-0.008436894333371026, 0.007669903939428206, 0.5790777474268295, -0.0015339807878856412, 0.010737865515199488, 0.49770190413657256]","[0.0, 0.0, 0.0, 0.0, 0.0, 0.0]","[0.0, 0.022814, 0.433466, 0.0, 0.0, 0.0]"
STATE_MOTOR,2086285.9940389171,"[-0.008436894333371026, 0.007669903939428206, 0.5790777474268295, -0.0015339807878856412, 0.010737865515199488, 0.49770190413657256]","[0.0, 0.0, 0.0, 0.0, 0.0, 0.0]","[0.022814, 0.022814, 0.433466, 0.0, 0.022814, 0.0]"
STATE_MOTOR,2106343.1270886213,"[-0.008436894333371026, 0.007669903939428206, 0.5790777474268295, -0.0015339807878856412, 0.010737865515199488, 0.49770190413657256]","[0.0, 0.0, 0.0, 0.0, 0.0, 0.0]","[0.022814, 0.0, 0.433466, 0.0, 0.022814, 0.022814]"
STATE_MOTOR,2126400.070032105,"[-0.008436894333371026, 0.007669903939428206, 0.5790777474268295, -0.0015339807878856412, 0.010737865515199488, 0.49770190413657256]","[0.0, 0.0, 0.0, 0.0, 0.0, 0.0]","[0.022814, 0.022814, 0.433466, 0.0, 0.022814, 0.022814]"
STATE_MOTOR,2146456.5130881965,"[-0.008436894333371026, 0.007669903939428206, 0.5790777474268295, -0.0015339807878856412, 0.010737865515199488, 0.49770190413657256]","[0.0, 0.0, 0.0, 0.0, 0.0, 0.0]","[0.022814, 0.022814, 0.547536, 0.0, 0.022814, 0.0]"
STATE_MOTOR,2166514.015989378,"[-0.008436894333371026, 0.007669903939428206, 0.5790777474268295, -0.0015339807878856412, 0.010737865515199488, 0.49770190413657256]","[0.0, 0.0, 0.0, 0.0, 0.0, 0.0]","[0.022814, 0.022814, 0.524722, 0.0, 0.022814, 0.0]"
STATE_MOTOR,2186572.6520773023,"[-0.008436894333371026, 0.007669903939428206, 0.5790777474268295, -0.0015339807878856412, 0.010737865515199488, 0.49770190413657256]","[0.0, 0.0, 0.0, 0.0, 0.0, 0.0]","[0.022814, 0.0, 0.433466, 0.0, 0.0, 0.0]"
STATE_MOTOR,2206634.9430242553,"[-0.008436894333371026, 0.007669903939428206, 0.5790777474268295, -0.0015339807878856412, 0.010737865515199488, 0.49770190413657256]","[0.0, 0.0, 0.0, 0.0, 0.0, 0.0]","[0.022814, 0.0, 0.524722, 0.0, 0.022814, 0.0]"
STATE_MOTOR,2226694.5000737906,"[-0.008436894333371026, 0.007669903939428206, 0.5790777474268295, -0.0015339807878856412, 0.010737865515199488, 0.49770190413657256]","[0.0, 0.0, 0.0, 0.0, 0.0, 0.0]","[0.022814, 0.0, 0.547536, 0.0, 0.0, 0.0]"
STATE_MOTOR,2246756.5910192207,"[-0.008436894333371026, 0.007669903939428206, 0.5790777474268295, -0.0015339807878856412, 0.010737865515199488, 0.49770190413657256]","[0.0, 0.0, 0.0, 0.0, 0.0, 0.0]","[0.022814, 0.0, 0.501908, 0.0, 0.0, 0.022814]"
STATE_MOTOR,2266815.7370062545,"[-0.008436894333371026, 0.007669903939428206, 0.5790777474268295, -0.0015339807878856412, 0.010737865515199488, 0.49770190413657256]","[0.0, 0.0, 0.0, 0.0, 0.0, 0.0]","[0.022814, 0.0, 0.433466, 0.0, 0.0, 0.0]"
STATE_MOTOR,2286885.8400033787,"[-0.008436894333371026, 0.007669903939428206, 0.5790777474268295, -0.0015339807878856412, 0.010737865515199488, 0.49770190413657256]","[0.0, 0.0, 0.0, 0.0, 0.0, 0.0]","[0.022814, 0.0, 0.593164, 0.0, 0.0, 0.0]"
STATE_MOTOR,2306943.1030889973,"[-0.008436894333371026, 0.007669903939428206, 0.5790777474268295, -0.0015339807878856412, 0.010737865515199488, 0.49770190413657256]","[0.0, 0.0, 0.0, 0.0, 0.0, 0.0]","[0.0, 0.022814, 0.433466, 0.0, 0.022814, 0.0]"
STATE_MOTOR,2326998.1840858236,"[-0.008436894333371026, 0.007669903939428206, 0.5790777474268295, -0.0015339807878856412, 0.010737865515199488, 0.49770190413657256]","[0.0, 0.0, 0.0, 0.0, 0.0, 0.0]","[0.022814, 0.022814, 0.433466, 0.0, 0.022814, 0.0]"
STATE_MOTOR,2347055.3470542654,"[-0.008436894333371026, 0.007669903939428206, 0.5790777474268295, -0.0015339807878856412, 0.010737865515199488, 0.49770190413657256]","[0.0, 0.0, 0.0, 0.0, 0.0, 0.0]","[0.0, 0.0, 0.45628, 0.0, 0.022814, 0.0]"
STATE_MOTOR,2367111.2779993564,"[-0.008436894333371026, 0.007669903939428206, 0.5790777474268295, -0.0015339807878856412, 0.010737865515199488, 0.49770190413657256]","[0.0, 0.0, 0.0, 0.0, 0.0, 0.0]","[0.022814, 0.022814, 0.433466, 0.0, 0.022814, 0.0]"
STATE_MOTOR,2387173.92005492,"[-0.008436894333371026, 0.007669903939428206, 0.5790777474268295, -0.0015339807878856412, 0.010737865515199488, 0.49770190413657256]","[0.0, 0.0, 0.0, 0.0, 0.0, 0.0]","[0.022814, 0.022814, 0.433466, 0.0, 0.022814, 0.0]"
STATE_MOTOR,2407235.1700160652,"[-0.008436894333371026, 0.007669903939428206, 0.5790777474268295, -0.0015339807878856412, 0.010737865515199488, 0.49770190413657256]","[0.0, 0.0, 0.0, 0.0, 0.0, 0.0]","[0.022814, 0.022814, 0.433466, 0.0, 0.045628, 0.022814]"
STATE_MOTOR,2427298.3020637184,"[-0.008436894333371026, 0.007669903939428206, 0.5790777474268295, -0.0015339807878856412, 0.010737865515199488, 0.49770190413657256]","[0.0, 0.0, 0.0, 0.0, 0.0, 0.0]","[0.022814, 0.022814, 0.45628, 0.0, 0.022814, 0.022814]"
STATE_MOTOR,2447358.660050668,"[-0.008436894333371026, 0.007669903939428206, 0.5790777474268295, -0.0015339807878856412, 0.010737865515199488, 0.49770190413657256]","[0.0, 0.0, 0.0, 0.0, 0.0, 0.0]","[0.0, 0.022814, 0.479094, 0.0, 0.045628, 0.0]"
STATE_MOTOR,2467420.6810304895,"[-0.008436894333371026, 0.007669903939428206, 0.5790777474268295, -0.0015339807878856412, 0.010737865515199488, 0.49770190413657256]","[0.0, 0.0, 0.0, 0.0, 0.0, 0.0]","[0.022814, 0.022814, 0.45628, 0.0, 0.022814, 0.0]"
STATE_MOTOR,2487479.4160714373,"[-0.008436894333371026, 0.007669903939428206, 0.5790777474268295, -0.0015339807878856412, 0.015339807878856412, 0.49770190413657256]","[0.0, 0.0, 0.0, 0.0, 0.07669903939428206, 0.0]","[0.022814, 0.022814, 0.547536, 0.0, 0.045628, 0.022814]"
STATE_MOTOR,2507542.308070697,"[-0.008436894333371026, 0.007669903939428206, 0.5790777474268295, -0.0015339807878856412, 0.018407769454627694, 0.49770190413657256]","[0.0, 0.0, 0.0, 0.0, 0.15339807878856412, 0.0]","[0.022814, 0.0, 0.433466, 0.0, 0.022814, 0.0]"
STATE_MOTOR,2527605.1100809127,"[-0.008436894333371026, 0.007669903939428206, 0.5790777474268295, -0.0015339807878856412, 0.021475731030398976, 0.49770190413657256]","[0.0, 0.0, 0.0, 0.0, 0.23009711818284617, 0.0]","[0.0, 0.022814, 0.547536, 0.0, 0.045628, 0.0]"
STATE_MOTOR,2547667.5709942356,"[-0.008436894333371026, 0.007669903939428206, 0.5790777474268295, -0.0015339807878856412, 0.02454369260617026, 0.49770190413657256]","[0.0, 0.0, 0.0, 0.0, 0.15339807878856412, 0.0]","[0.022814, 0.022814, 0.433466, 0.0, 0.045628, 0.0]"
STATE_MOTOR,2567726.0970696807,"[-0.008436894333371026, 0.007669903939428206, 0.5790777474268295, -0.0015339807878856412, 0.02761165418194154, 0.49770190413657256]","[0.0, 0.0, 0.0, 0.0, 0.07669903939428206, 0.0]","[0.022814, 0.022814, 0.433466, 0.0, 0.022814, 0.022814]"
STATE_MOTOR,2587788.918055594,"[-0.008436894333371026, 0.007669903939428206, 0.5790777474268295, -0.0015339807878856412, 0.032213596545598466, 0.49770190413657256]","[0.0, 0.0, 0.0, 0.0, 0.23009711818284617, 0.0]","[0.022814, 0.022814, 0.45628, 0.0, 0.045628, 0.0]"
STATE_MOTOR,2607853.022054769,"[-0.008436894333371026, 0.007669903939428206, 0.5790777474268295, -0.0015339807878856412, 0.035281558121369745, 0.49770190413657256]","[0.0, 0.0, 0.0, 0.0, 0.15339807878856412, 0.0]","[0.022814, 0.022814, 0.410652, 0.0, 0.022814, 0.022814]"
STATE_MOTOR,2627914.7419845685,"[-0.008436894333371026, 0.007669903939428206, 0.5790777474268295, -0.0015339807878856412, 0.03834951969714103, 0.49770190413657256]","[0.0, 0.0, 0.0, 0.0, 0.15339807878856412, 0.0]","[0.022814, 0.022814, 0.501908, 0.0, 0.022814, 0.022814]"
STATE_MOTOR,2647975.1410661265,"[-0.008436894333371026, 0.007669903939428206, 0.5790777474268295, -0.0015339807878856412, 0.04141748127291231, 0.49770190413657256]","[0.0, 0.0, 0.0, 0.0, 0.15339807878856412, 0.0]","[0.022814, 0.0, 0.433466, 0.0, 0.022814, 0.0]"
STATE_MOTOR,2668031.3530378044,"[-0.008436894333371026, 0.007669903939428206, 0.5790777474268295, -0.0015339807878856412, 0.04601942363656923, 0.49770190413657256]","[0.0, 0.0, 0.0, 0.0, 0.15339807878856412, 0.0]","[0.022814, 0.022814, 0.501908, 0.0, 0.045628, 0.0]"
STATE_MOTOR,2688089.5770154893,"[-0.008436894333371026, 0.007669903939428206, 0.5790777474268295, -0.0015339807878856412, 0.04908738521234052, 0.49770190413657256]","[0.0, 0.0, 0.0, 0.0, 0.23009711818284617, 0.0]","[0.0, 0.0, 0.479094, 0.0, 0.045628, 0.0]"
STATE_MOTOR,2708146.3100621477,"[-0.008436894333371026, 0.007669903939428206, 0.5790777474268295, -0.0015339807878856412, 0.05368932757599744, 0.49770190413657256]","[0.0, 0.0, 0.0, 0.0, 0.15339807878856412, 0.0]","[0.022814, 0.022814, 0.524722, 0.0, 0.022814, 0.0]"
STATE_MOTOR,2728203.9440469816,"[-0.008436894333371026, 0.007669903939428206, 0.5790777474268295, -0.0015339807878856412, 0.05829126993965436, 0.49770190413657256]","[0.0, 0.0, 0.0, 0.0, 0.23009711818284617, 0.0]","[0.0, 0.0, 0.479094, 0.0, 0.0, 0.0]"
STATE_MOTOR,2748266.0150853917,"[-0.008436894333371026, 0.007669903939428206, 0.5790777474268295, -0.0015339807878856412, 0.06135923151542565, 0.49770190413657256]","[0.0, 0.0, 0.0, 0.0, 0.15339807878856412, 0.0]","[0.0, 0.022814, 0.410652, 0.0, 0.022814, 0.0]"
STATE_MOTOR,2768284.901045263,"[-0.008436894333371026, 0.007669903939428206, 0.5790777474268295, -0.0015339807878856412, 0.06596117387908257, 0.49770190413657256]","[0.0, 0.0, 0.0, 0.0, 0.15339807878856412, 0.0]","[0.022814, 0.022814, 0.479094, 0.0, 0.022814, 0.0]"
STATE_MOTOR,2788344.3280588835,"[-0.008436894333371026, 0.007669903939428206, 0.5790777474268295, -0.0015339807878856412, 0.07056311624273949, 0.49770190413657256]","[0.0, 0.0, 0.0, 0.0, 0.23009711818284617, 0.0]","[0.022814, 0.0, 0.479094, 0.0, 0.022814, 0.0]"
STATE_MOTOR,2808401.2910258025,"[-0.008436894333371026, 0.007669903939428206, 0.5790777474268295, -0.0015339807878856412, 0.07516505860639641, 0.49770190413657256]","[0.0, 0.0, 0.0, 0.0, 0.23009711818284617, 0.0]","[0.022814, 0.0, 0.524722, 0.0, 0.045628, 0.022814]"
STATE_MOTOR,2828470.0120566413,"[-0.008436894333371026, 0.007669903939428206, 0.5790777474268295, -0.0015339807878856412, 0.07976700097005333, 0.49770190413657256]","[0.0, 0.0, 0.0, 0.0, 0.23009711818284617, 0.0]","[0.022814, 0.0, 0.524722, 0.0, 0.022814, 0.022814]"
STATE_MOTOR,2848526.0440502316,"[-0.008436894333371026, 0.007669903939428206, 0.5790777474268295, -0.0015339807878856412, 0.08436894333371026, 0.49770190413657256]","[0.0, 0.0, 0.0, 0.0, 0.23009711818284617, 0.0]","[0.022814, 0.022814, 0.45628, 0.0, 0.022814, 0.022814]"
STATE_MOTOR,2868585.1900372654,"[-0.008436894333371026, 0.007669903939428206, 0.5790777474268295, -0.0015339807878856412, 0.08897088569736719, 0.49770190413657256]","[0.0, 0.0, 0.0, 0.0, 0.23009711818284617, 0.0]","[0.022814, 0.022814, 0.479094, 0.0, 0.022814, 0.022814]"
STATE_MOTOR,2888651.8970830366,"[-0.008436894333371026, 0.007669903939428206, 0.5790777474268295, -0.0015339807878856412, 0.09510680884890975, 0.49770190413657256]","[0.0, 0.0, 0.0, 0.0, 0.23009711818284617, 0.0]","[0.022814, 0.0, 0.479094, 0.0, 0.022814, 0.0]"
STATE_MOTOR,2908711.224095896,"[-0.008436894333371026, 0.007669903939428206, 0.5790777474268295, -0.0015339807878856412, 0.09817477042468103, 0.49770190413657256]","[0.0, 0.0, 0.0, 0.0, 0.23009711818284617, 0.0]","[0.022814, 0.022814, 0.524722, 0.0, 0.022814, 0.022814]"
STATE_MOTOR,2928769.830032252,"[-0.008436894333371026, 0.007669903939428206, 0.5790777474268295, -0.0015339807878856412, 0.10277671278833796, 0.49770190413657256]","[0.0, 0.0, 0.0, 0.0, 0.23009711818284617, 0.0]","[0.022814, 0.0, 0.501908, 0.0, 0.022814, 0.0]"
STATE_MOTOR,2948828.0650693923,"[-0.008436894333371026, 0.007669903939428206, 0.5790777474268295, -0.0015339807878856412, 0.10737865515199488, 0.49770190413657256]","[0.0, 0.0, 0.0, 0.0, 0.23009711818284617, 0.0]","[0.0, 0.0, 0.501908, 0.0, 0.045628, 0.0]"
STATE_MOTOR,2968888.583010994,"[-0.008436894333371026, 0.007669903939428206, 0.5790777474268295, -0.0015339807878856412, 0.11351457830353745, 0.49770190413657256]","[0.0, 0.0, 0.0, 0.0, 0.23009711818284617, 0.0]","[0.0, 0.0, 0.524722, 0.0, 0.022814, 0.0]"
STATE_MOTOR,2988954.339060001,"[-0.008436894333371026, 0.007669903939428206, 0.5790777474268295, -0.0015339807878856412, 0.11658253987930872, 0.49770190413657256]","[0.0, 0.0, 0.0, 0.0, 0.23009711818284617, 0.0]","[0.022814, 0.022814, 0.45628, 0.0, 0.022814, 0.022814]"
STATE_MOTOR,3009020.4760199413,"[-0.008436894333371026, 0.007669903939428206, 0.5790777474268295, -0.0015339807878856412, 0.1227184630308513, 0.49770190413657256]","[0.0, 0.0, 0.0, 0.0, 0.30679615757712825, 0.0]","[0.022814, 0.022814, 0.45628, 0.0, 0.022814, 0.022814]"
STATE_MOTOR,3029103.8090363145,"[-0.008436894333371026, 0.007669903939428206, 0.5790777474268295, -0.0015339807878856412, 0.1273204053945082, 0.49770190413657256]","[0.0, 0.0, 0.0, 0.0, 0.23009711818284617, 0.0]","[0.022814, 0.022814, 0.524722, 0.0, 0.022814, 0.0]"
STATE_MOTOR,3049165.9090621397,"[-0.008436894333371026, 0.007669903939428206, 0.5790777474268295, -0.0015339807878856412, 0.13345632854605077, 0.49770190413657256]","[0.0, 0.0, 0.0, 0.0, 0.30679615757712825, 0.0]","[0.0, 0.0, 0.410652, 0.0, 0.045628, 0.0]"
STATE_MOTOR,3069230.484077707,"[-0.008436894333371026, 0.007669903939428206, 0.5790777474268295, -0.0015339807878856412, 0.1380582709097077, 0.49770190413657256]","[0.0, 0.0, 0.0, 0.0, 0.23009711818284617, 0.0]","[0.0, 0.0, 0.501908, 0.0, 0.045628, 0.022814]"
STATE_MOTOR,3089289.140072651,"[-0.008436894333371026, 0.007669903939428206, 0.5790777474268295, -0.0015339807878856412, 0.14266021327336462, 0.49770190413657256]","[0.0, 0.0, 0.0, 0.0, 0.23009711818284617, 0.0]","[0.0, 0.0, 0.410652, 0.0, 0.045628, 0.0]"
STATE_MOTOR,3109343.6289811507,"[-0.008436894333371026, 0.007669903939428206, 0.5790777474268295, -0.0015339807878856412, 0.1487961364249072, 0.49770190413657256]","[0.0, 0.0, 0.0, 0.0, 0.30679615757712825, 0.0]","[0.022814, 0.022814, 0.501908, 0.0, 0.022814, 0.0]"
STATE_MOTOR,3129411.69901751,"[-0.008436894333371026, 0.007669903939428206, 0.5790777474268295, -0.0015339807878856412, 0.15339807878856412, 0.49770190413657256]","[0.0, 0.0, 0.0, 0.0, 0.23009711818284617, 0.0]","[0.022814, 0.0, 0.410652, 0.0, 0.022814, 0.022814]"
STATE_MOTOR,3149477.284052409,"[-0.008436894333371026, 0.007669903939428206, 0.5790777474268295, -0.0015339807878856412, 0.15800002115222103, 0.49770190413657256]","[0.0, 0.0, 0.0, 0.0, 0.23009711818284617, 0.0]","[0.022814, 0.022814, 0.45628, 0.0, 0.022814, 0.0]"
