type,timestamp,positions,velocities,torques
STATE_MOTOR,5.607958883047104,"[-0.011504855909142308, 0.007669903939428206, 0.5821457090026008, -0.0015339807878856412, -0.01380582709097077, 0.49770190413657256]","[0.0, 0.0, 0.0, 0.0, 0.0, 0.0]","[0.022814, 0.0, 0.45628, 0.0, 0.022814, 0.0]"
STATE_MOTOR,20099.49996136129,"[-0.011504855909142308, 0.007669903939428206, 0.5821457090026008, -0.0015339807878856412, -0.01380582709097077, 0.49770190413657256]","[0.0, 0.0, 0.0, 0.0, 0.0, 0.0]","[0.0, 0.0, 0.524722, 0.0, 0.045628, 0.0]"
STATE_MOTOR,40160.09299084544,"[-0.011504855909142308, 0.007669903939428206, 0.5821457090026008, -0.0015339807878856412, -0.01380582709097077, 0.49770190413657256]","[0.0, 0.0, 0.0, 0.0, 0.0, 0.0]","[0.022814, 0.0, 0.433466, 0.0, 0.045628, 0.0]"
STATE_MOTOR,60224.5619520545,"[-0.011504855909142308, 0.007669903939428206, 0.5821457090026008, -0.0015339807878856412, -0.01380582709097077, 0.49770190413657256]","[0.0, 0.0, 0.0, 0.0, 0.0, 0.0]","[0.022814, 0.022814, 0.547536, 0.0, 0.022814, 0.0]"
STATE_MOTOR,80286.60691343248,"[-0.011504855909142308, 0.007669903939428206, 0.5821457090026008, -0.0015339807878856412, -0.01380582709097077, 0.49770190413657256]","[0.0, 0.0, 0.0, 0.0, 0.0, 0.0]","[0.022814, 0.022814, 0.45628, 0.0, 0.022814, 0.0]"
STATE_MOTOR,100343.9649939537,"[-0.011504855909142308, 0.007669903939428206, 0.5821457090026008, -0.0015339807878856412, -0.01380582709097077, 0.49770190413657256]","[0.0, 0.0, 0.0, 0.0, 0.0, 0.0]","[0.022814, 0.022814, 0.45628, 0.0, 0.022814, 0.022814]"
STATE_MOTOR,120401.59292519093,"[-0.011504855909142308, 0.007669903939428206, 0.5821457090026008, -0.0015339807878856412, -0.01380582709097077, 0.49770190413657256]","[0.0, 0.0, 0.0, 0.0, 0.0, 0.0]","[0.022814, 0.022814, 0.433466, 0.0, 0.022814, 0.0]"
STATE_MOTOR,140460.27301810682,"[-0.011504855909142308, 0.007669903939428206, 0.5821457090026008, -0.0015339807878856412, -0.01380582709097077, 0.49770190413657256]","[0.0, 0.0, 0.0, 0.0, 0.0, 0.0]","[0.022814, 0.0, 0.638792, 0.0, 0.022814, 0.0]"
STATE_MOTOR,160524.80193320662,"[-0.011504855909142308, 0.007669903939428206, 0.5821457090026008, -0.0015339807878856412, -0.01380582709097077, 0.49770190413657256]","[0.0, 0.0, 0.0, 0.0, 0.0, 0.0]","[0.022814, 0.022814, 0.593164, 0.0, 0.022814, 0.0]"
STATE_MOTOR,180590.49197472632,"[-0.011504855909142308, 0.007669903939428206, 0.5821457090026008, -0.0015339807878856412, -0.01380582709097077, 0.49770190413657256]","[0.0, 0.0, 0.0, 0.0, 0.0, 0.0]","[0.022814, 0.0, 0.45628, 0.0, 0.022814, 0.0]"
STATE_MOTOR,200651.89700108021,"[-0.011504855909142308, 0.007669903939428206, 0.5821457090026008, -0.0015339807878856412, -0.01380582709097077, 0.49770190413657256]","[0.0, 0.0, 0.0, 0.0, 0.0, 0.0]","[0.022814, 0.0, 0.45628, 0.0, 0.022814, 0.022814]"
STATE_MOTOR,220711.88793051988,"[-0.011504855909142308, 0.007669903939428206, 0.5821457090026008, -0.0015339807878856412, -0.01380582709097077, 0.49770190413657256]","[0.0, 0.0, 0.0, 0.0, 0.0, 0.0]","[0.022814, 0.022814, 0.45628, 0.0, 0.022814, 0.0]"
STATE_MOTOR,240769.11597512662,"[-0.011504855909142308, 0.007669903939428206, 0.5821457090026008, -0.0015339807878856412, -0.01380582709097077, 0.49770190413657256]","[0.0, 0.0, 0.0, 0.0, 0.0, 0.0]","[0.022814, 0.022814, 0.501908, 0.0, 0.022814, 0.022814]"
STATE_MOTOR,260823.82001914084,"[-0.011504855909142308, 0.007669903939428206, 0.5821457090026008, -0.0015339807878856412, -0.01380582709097077, 0.49770190413657256]","[0.0, 0.0, 0.0, 0.0, 0.0, 0.0]","[0.022814, 0.0, 0.45628, 0.0, 0.022814, 0.0]"
STATE_MOTOR,280880.2769286558,"[-0.011504855909142308, 0.007669903939428206, 0.5821457090026008, -0.0015339807878856412, -0.01380582709097077, 0.49770190413657256]","[0.0, 0.0, 0.0, 0.0, 0.0, 0.0]","[0.022814, 0.0, 0.524722, 0.0, 0.022814, 0.0]"
STATE_MOTOR,300937.4450193718,"[-0.011504855909142308, 0.007669903939428206, 0.5821457090026008, -0.0015339807878856412, -0.01380582709097077, 0.49770190413657256]","[0.0, 0.0, 0.0, 0.0, 0.0, 0.0]","[0.022814, 0.0, 0.547536, 0.0, 0.022814, 0.022814]"
STATE_MOTOR,320995.2940233052,"[-0.011504855909142308, 0.007669903939428206, 0.5821457090026008, -0.0015339807878856412, -0.01380582709097077, 0.49770190413657256]","[0.0, 0.0, 0.0, 0.0, 0.0, 0.0]","[0.022814, 0.022814, 0.547536, 0.0, 0.022814, 0.0]"
STATE_MOTOR,341051.7799202353,"[-0.011504855909142308, 0.007669903939428206, 0.5821457090026008, -0.0015339807878856412, -0.01380582709097077, 0.49770190413657256]","[0.0, 0.0, 0.0, 0.0, 0.0, 0.0]","[0.022814, 0.0, 0.524722, 0.0, 0.0, 0.0]"
STATE_MOTOR,361108.2970164716,"[-0.011504855909142308, 0.007669903939428206, 0.5821457090026008, -0.0015339807878856412, -0.01380582709097077, 0.49770190413657256]","[0.0, 0.0, 0.0, 0.0, 0.0, 0.0]","[0.022814, 0.022814, 0.45628, 0.0, 0.022814, 0.0]"
STATE_MOTOR,381164.65299390256,"[-0.011504855909142308, 0.007669903939428206, 0.5821457090026008, -0.0015339807878856412, -0.01380582709097077, 0.49770190413657256]","[0.0, 0.0, 0.0, 0.0, 0.0, 0.0]","[0.022814, 0.0, 0.45628, 0.0, 0.022814, 0.022814]"
STATE_MOTOR,401223.0830267072,"[-0.011504855909142308, 0.007669903939428206, 0.5821457090026008, -0.0015339807878856412, -0.01380582709097077, 0.49770190413657256]","[0.0, 0.0, 0.0, 0.0, 0.0, 0.0]","[0.022814, 0.022814, 0.479094, 0.0, 0.022814, 0.0]"
STATE_MOTOR,421280.60199320316,"[-0.011504855909142308, 0.007669903939428206, 0.5821457090026008, -0.0015339807878856412, -0.01380582709097077, 0.49770190413657256]","[0.0, 0.0, 0.0, 0.0, 0.0, 0.0]","[0.022814, 0.0, 0.547536, 0.0, 0.022814, 0.0]"
STATE_MOTOR,441340.46300314367,"[-0.011504855909142308, 0.007669903939428206, 0.5821457090026008, -0.0015339807878856412, -0.01380582709097077, 0.49770190413657256]","[0.0, 0.0, 0.0, 0.0, 0.0, 0.0]","[0.022814, 0.0, 0.547536, 0.0, 0.022814, 0.022814]"
STATE_MOTOR,461402.5979535654,"[-0.011504855909142308, 0.007669903939428206, 0.5821457090026008, -0.0015339807878856412, -0.01380582709097077, 0.49770190413657256]","[0.0, 0.0, 0.0, 0.0, 0.0, 0.0]","[0.022814, 0.022814, 0.433466, 0.0, 0.022814, 0.0]"
STATE_MOTOR,481462.589930743,"[-0.011504855909142308, 0.007669903939428206, 0.5821457090026008, -0.0015339807878856412, -0.01380582709097077, 0.49770190413657256]","[0.0, 0.0, 0.0, 0.0, 0.0, 0.0]","[0.0, 0.022814, 0.45628, 0.0, 0.022814, 0.0]"
STATE_MOTOR,501529.04191054404,"[-0.011504855909142308, 0.007669903939428206, 0.5821457090026008, -0.0015339807878856412, -0.01380582709097077, 0.49770190413657256]","[0.0, 0.0, 0.0, 0.0, 0.0, 0.0]","[0.022814, 0.0, 0.45628, 0.0, 0.022814, 0.0]"
STATE_MOTOR,521590.4659125954,"[-0.011504855909142308, 0.007669903939428206, 0.5821457090026008, -0.0015339807878856412, -0.01380582709097077, 0.49770190413657256]","[0.0, 0.0, 0.0, 0.0, 0.0, 0.0]","[0.022814, 0.0, 0.45628, 0.0, 0.022814, 0.0]"
STATE_MOTOR,541649.1359937936,"[-0.011504855909142308, 0.007669903939428206, 0.5821457090026008, -0.0015339807878856412, -0.01380582709097077, 0.49770190413657256]","[0.0, 0.0, 0.0, 0.0, 0.0, 0.0]","[0.0, 0.022814, 0.45628, 0.0, 0.022814, 0.0]"
STATE_MOTOR,561714.825918898,"[-0.011504855909142308, 0.007669903939428206, 0.5821457090026008, -0.0015339807878856412, -0.01380582709097077, 0.49770190413657256]","[0.0, 0.0, 0.0, 0.0, 0.0, 0.0]","[0.022814, 0.0, 0.593164, 0.0, 0.045628, 0.0]"
STATE_MOTOR,581771.4929580688,"[-0.011504855909142308, 0.007669903939428206, 0.5821457090026008, -0.0015339807878856412, -0.01380582709097077, 0.49770190413657256]","[0.0, 0.0, 0.0, 0.0, 0.0, 0.0]","[0.0, 0.0, 0.45628, 0.0, 0.045628, 0.022814]"
STATE_MOTOR,601830.2729353309,"[-0.011504855909142308, 0.007669903939428206, 0.5821457090026008, -0.0015339807878856412, -0.01380582709097077, 0.49770190413657256]","[0.0, 0.0, 0.0, 0.0, 0.0, 0.0]","[0.022814, 0.022814, 0.524722, 0.0, 0.022814, 0.0]"
STATE_MOTOR,621889.9650266394,"[-0.011504855909142308, 0.007669903939428206, 0.5821457090026008, -0.0015339807878856412, -0.01380582709097077, 0.49770190413657256]","[0.0, 0.0, 0.0, 0.0, 0.0, 0.0]","[0.022814, 0.0, 0.479094, 0.0, 0.045628, 0.0]"
STATE_MOTOR,641958.859981969,"[-0.011504855909142308, 0.007669903939428206, 0.5821457090026008, -0.0015339807878856412, -0.01380582709097077, 0.49770190413657256]","[0.0, 0.0, 0.0, 0.0, 0.0, 0.0]","[0.022814, 0.0, 0.479094, 0.0, 0.022814, 0.022814]"
STATE_MOTOR,662019.622977823,"[-0.011504855909142308, 0.007669903939428206, 0.5821457090026008, -0.0015339807878856412, -0.01380582709097077, 0.49770190413657256]","[0.0, 0.0, 0.0, 0.0, 0.0, 0.0]","[0.022814, 0.0, 0.547536, 0.0, 0.022814, 0.0]"
STATE_MOTOR,682078.0329871923,"[-0.011504855909142308, 0.007669903939428206, 0.5821457090026008, -0.0015339807878856412, -0.01380582709097077, 0.49770190413657256]","[0.0, 0.0, 0.0, 0.0, 0.0, 0.0]","[0.022814, 0.022814, 0.615978, 0.0, 0.022814, 0.0]"
STATE_MOTOR,702144.1939286888,"[-0.011504855909142308, 0.007669903939428206, 0.5821457090026008, -0.0015339807878856412, -0.01380582709097077, 0.49770190413657256]","[0.0, 0.0, 0.0, 0.0, 0.0, 0.0]","[0.022814, 0.022814, 0.45628, 0.0, 0.022814, 0.022814]"
STATE_MOTOR,722205.096972175,"[-0.011504855909142308, 0.007669903939428206, 0.5821457090026008, -0.0015339807878856412, -0.01380582709097077, 0.49770190413657256]","[0.0, 0.0, 0.0, 0.0, 0.0, 0.0]","[0.022814, 0.022814, 0.45628, 0.0, 0.022814, 0.0]"
STATE_MOTOR,742268.7449725345,"[-0.011504855909142308, 0.007669903939428206, 0.5821457090026008, -0.0015339807878856412, -0.01380582709097077, 0.49770190413657256]","[0.0, 0.0, 0.0, 0.0, 0.0, 0.0]","[0.022814, 0.022814, 0.593164, 0.0, 0.045628, 0.0]"
STATE_MOTOR,762334.8259367049,"[-0.011504855909142308, 0.007669903939428206, 0.5821457090026008, -0.0015339807878856412, -0.01380582709097077, 0.49770190413657256]","[0.0, 0.0, 0.0, 0.0, 0.0, 0.0]","[0.022814, 0.0, 0.57035, 0.0, 0.022814, 0.022814]"
STATE_MOTOR,782395.0779857114,"[-0.011504855909142308, 0.007669903939428206, 0.5821457090026008, -0.0015339807878856412, -0.01380582709097077, 0.49770190413657256]","[0.0, 0.0, 0.0, 0.0, 0.0, 0.0]","[0.022814, 0.0, 0.45628, 0.0, 0.022814, 0.022814]"
STATE_MOTOR,802458.7049148977,"[-0.011504855909142308, 0.007669903939428206, 0.5821457090026008, -0.0015339807878856412, -0.01380582709097077, 0.49770190413657256]","[0.0, 0.0, 0.0, 0.0, 0.0, 0.0]","[0.022814, 0.0, 0.615978, 0.0, 0.022814, 0.022814]"
STATE_MOTOR,822517.1049125493,"[-0.011504855909142308, 0.007669903939428206, 0.5821457090026008, -0.0015339807878856412, -0.01380582709097077, 0.49770190413657256]","[0.0, 0.0, 0.0, 0.0, 0.0, 0.0]","[0.022814, 0.0, 0.45628, 0.0, 0.022814, 0.0]"
STATE_MOTOR,842575.234011747,"[-0.011504855909142308, 0.007669903939428206, 0.5821457090026008, -0.0015339807878856412, -0.01380582709097077, 0.49770190413657256]","[0.0, 0.0, 0.0, 0.0, 0.0, 0.0]","[0.022814, 0.022814, 0.524722, 0.0, 0.022814, 0.0]"
STATE_MOTOR,862639.5829487592,"[-0.011504855909142308, 0.007669903939428206, 0.5821457090026008, -0.0015339807878856412, -0.01380582709097077, 0.49770190413657256]","[0.0, 0.0, 0.0, 0.0, 0.0, 0.0]","[0.022814, 0.0, 0.547536, 0.0, 0.022814, 0.022814]"
STATE_MOTOR,882700.1550234854,"[-0.011504855909142308, 0.007669903939428206, 0.5821457090026008, -0.0015339807878856412, -0.01380582709097077, 0.49770190413657256]","[0.0, 0.0, 0.0, 0.0, 0.0, 0.0]","[0.022814, 0.0, 0.433466, 0.0, 0.022814, 0.0]"
STATE_MOTOR,902761.5099912509,"[-0.011504855909142308, 0.007669903939428206, 0.5821457090026008, -0.0015339807878856412, -0.01380582709097077, 0.49770190413657256]","[0.0, 0.0, 0.0, 0.0, 0.0, 0.0]","[0.022814, 0.0, 0.45628, 0.0, 0.0, 0.0]"
STATE_MOTOR,922817.6859905943,"[-0.011504855909142308, 0.007669903939428206, 0.5821457090026008, -0.0015339807878856412, -0.01380582709097077, 0.49770190413657256]","[0.0, 0.0, 0.0, 0.0, 0.0, 0.0]","[0.022814, 0.0, 0.45628, 0.0, 0.022814, 0.0]"
STATE_MOTOR,942874.9339422211,"[-0.011504855909142308, 0.007669903939428206, 0.5821457090026008, -0.0015339807878856412, -0.01380582709097077, 0.49770190413657256]","[0.0, 0.0, 0.0, 0.0, 0.0, 0.0]","[0.045628, 0.0, 0.501908, 0.0, 0.022814, 0.0]"
STATE_MOTOR,962939.3519135192,"[-0.011504855909142308, 0.007669903939428206, 0.5821457090026008, -0.0015339807878856412, -0.01380582709097077, 0.49770190413657256]","[0.0, 0.0, 0.0, 0.0, 0.0, 0.0]","[0.022814, 0.0, 0.45628, 0.0, 0.022814, 0.022814]"
STATE_MOTOR,982997.3910236731,"[-0.011504855909142308, 0.007669903939428206, 0.5821457090026008, -0.0015339807878856412, -0.01380582709097077, 0.49770190413657256]","[0.0, 0.0, 0.0, 0.0, 0.0, 0.0]","[0.022814, 0.0, 0.45628, 0.0, 0.022814, 0.022814]"
STATE_MOTOR,1003058.4349296987,"[-0.011504855909142308, 0.007669903939428206, 0.5821457090026008, -0.0015339807878856412, -0.01380582709097077, 0.49770190413657256]","[0.0, 0.0, 0.0, 0.0, 0.0, 0.0]","[0.022814, 0.0, 0.45628, 0.0, 0.045628, 0.0]"
STATE_MOTOR,1023139.8189207539,"[-0.011504855909142308, 0.007669903939428206, 0.5821457090026008, -0.0015339807878856412, -0.01380582709097077, 0.49770190413657256]","[0.0, 0.0, 0.0, 0.0, 0.0, 0.0]","[0.022814, 0.022814, 0.45628, 0.0, 0.022814, 0.0]"
STATE_MOTOR,1043197.5469691679,"[-0.011504855909142308, 0.007669903939428206, 0.5821457090026008, -0.0015339807878856412, -0.01380582709097077, 0.49770190413657256]","[0.0, 0.0, 0.0, 0.0, 0.0, 0.0]","[0.0, 0.0, 0.57035, 0.0, 0.022814, 0.0]"
STATE_MOTOR,1063263.026997447,"[-0.011504855909142308, 0.007669903939428206, 0.5821457090026008, -0.0015339807878856412, -0.01380582709097077, 0.49770190413657256]","[0.0, 0.0, 0.0, 0.0, 0.0, 0.0]","[0.022814, 0.022814, 0.479094, 0.0, 0.022814, 0.0]"
STATE_MOTOR,1083321.105921641,"[-0.011504855909142308, 0.007669903939428206, 0.5821457090026008, -0.0015339807878856412, -0.01380582709097077, 0.49770190413657256]","[0.0, 0.0, 0.0, 0.0, 0.0, 0.0]","[0.022814, 0.022814, 0.615978, 0.0, 0.022814, 0.022814]"
STATE_MOTOR,1103380.8479551226,"[-0.011504855909142308, 0.007669903939428206, 0.5821457090026008, -0.0015339807878856412, -0.01380582709097077, 0.49770190413657256]","[0.0, 0.0, 0.0, 0.0, 0.0, 0.0]","[0.022814, 0.022814, 0.524722, 0.0, 0.022814, 0.0]"
STATE_MOTOR,1123400.2190176398,"[-0.011504855909142308, 0.007669903939428206, 0.5821457090026008, -0.0015339807878856412, -0.01380582709097077, 0.49770190413657256]","[0.0, 0.0, 0.0, 0.0, 0.0, 0.0]","[0.022814, 0.022814, 0.57035, 0.0, 0.045628, 0.0]"
STATE_MOTOR,1143466.5709966794,"[-0.011504855909142308, 0.007669903939428206, 0.5821457090026008, -0.0015339807878856412, -0.01380582709097077, 0.49770190413657256]","[0.0, 0.0, 0.0, 0.0, 0.0, 0.0]","[0.022814, 0.022814, 0.501908, 0.0, 0.022814, 0.022814]"
STATE_MOTOR,1163528.1449416652,"[-0.011504855909142308, 0.007669903939428206, 0.5821457090026008, -0.0015339807878856412, -0.01380582709097077, 0.49770190413657256]","[0.0, 0.0, 0.0, 0.0, 0.0, 0.0]","[0.022814, 0.0, 0.615978, 0.0, 0.045628, 0.0]"
STATE_MOTOR,1183586.6449400783,"[-0.011504855909142308, 0.007669903939428206, 0.5821457090026008, -0.0015339807878856412, -0.01380582709097077, 0.49770190413657256]","[0.0, 0.0, 0.0, 0.0, 0.0, 0.0]","[0.022814, 0.0, 0.57035, 0.0, 0.022814, 0.022814]"
STATE_MOTOR,1203645.3749751672,"[-0.011504855909142308, 0.007669903939428206, 0.5821457090026008, -0.0015339807878856412, -0.01380582709097077, 0.49770190413657256]","[0.0, 0.0, 0.0, 0.0, 0.0, 0.0]","[0.022814, 0.0, 0.433466, 0.0, 0.022814, 0.022814]"
STATE_MOTOR,1223701.8420128152,"[-0.011504855909142308, 0.007669903939428206, 0.5821457090026008, -0.0015339807878856412, -0.01380582709097077, 0.49770190413657256]","[0.0, 0.0, 0.0, 0.0, 0.0, 0.0]","[0.022814, 0.022814, 0.547536, 0.0, 0.022814, 0.0]"
STATE_MOTOR,1243767.9829308763,"[-0.011504855909142308, 0.007669903939428206, 0.5821457090026008, -0.0015339807878856412, -0.01380582709097077, 0.49770190413657256]","[0.0, 0.0, 0.0, 0.0, 0.0, 0.0]","[0.0, 0.022814, 0.547536, 0.0, 0.022814, 0.022814]"
STATE_MOTOR,1263833.8030083105,"[-0.011504855909142308, 0.007669903939428206, 0.5821457090026008, -0.0015339807878856412, -0.01380582709097077, 0.49770190413657256]","[0.0, 0.0, 0.0, 0.0, 0.0, 0.0]","[0.022814, 0.022814, 0.45628, 0.0, 0.022814, 0.0]"
STATE_MOTOR,1283890.7709810883,"[-0.011504855909142308, 0.007669903939428206, 0.5821457090026008, -0.0015339807878856412, -0.01380582709097077, 0.49770190413657256]","[0.0, 0.0, 0.0, 0.0, 0.0, 0.0]","[0.0, 0.0, 0.45628, 0.0, 0.022814, 0.0]"
STATE_MOTOR,1303950.5520137027,"[-0.011504855909142308, 0.007669903939428206, 0.5821457090026008, -0.0015339807878856412, -0.01380582709097077, 0.49770190413657256]","[0.0, 0.0, 0.0, 0.0, 0.0, 0.0]","[0.0, 0.0, 0.45628, 0.0, 0.022814, 0.0]"
STATE_MOTOR,1324007.5599169359,"[-0.011504855909142308, 0.007669903939428206, 0.5821457090026008, -0.0015339807878856412, -0.01380582709097077, 0.49770190413657256]","[0.0, 0.0, 0.0, 0.0, 0.0, 0.0]","[0.022814, 0.0, 0.45628, 0.0, 0.022814, 0.022814]"
STATE_MOTOR,1344065.4890146106,"[-0.011504855909142308, 0.007669903939428206, 0.5821457090026008, -0.0015339807878856412, -0.01380582709097077, 0.49770190413657256]","[0.0, 0.0, 0.0, 0.0, 0.0, 0.0]","[0.022814, 0.0, 0.45628, 0.0, 0.022814, 0.022814]"
STATE_MOTOR,1364130.5479686707,"[-0.011504855909142308, 0.007669903939428206, 0.5821457090026008, -0.0015339807878856412, -0.01380582709097077, 0.49770190413657256]","[0.0, 0.0, 0.0, 0.0, 0.0, 0.0]","[0.022814, 0.022814, 0.547536, 0.0, 0.022814, 0.022814]"
STATE_MOTOR,1384187.44597584,"[-0.011504855909142308, 0.007669903939428206, 0.5821457090026008, -0.0015339807878856412, -0.01380582709097077, 0.49770190413657256]","[0.0, 0.0, 0.0, 0.0, 0.0, 0.0]","[0.022814, 0.022814, 0.547536, 0.0, 0.022814, 0.0]"
STATE_MOTOR,1404245.143989101,"[-0.011504855909142308, 0.007669903939428206, 0.5821457090026008, -0.0015339807878856412, -0.01380582709097077, 0.49770190413657256]","[0.0, 0.0, 0.0, 0.0, 0.0, 0.0]","[0.022814, 0.022814, 0.45628, 0.0, 0.022814, 0.022814]"
STATE_MOTOR,1424309.812951833,"[-0.011504855909142308, 0.007669903939428206, 0.5821457090026008, -0.0015339807878856412, -0.01380582709097077, 0.49770190413657256]","[0.0, 0.0, 0.0, 0.0, 0.0, 0.0]","[0.022814, 0.0, 0.45628, 0.0, 0.022814, 0.0]"
STATE_MOTOR,1444371.3569780812,"[-0.011504855909142308, 0.007669903939428206, 0.5821457090026008, -0.0015339807878856412, -0.01380582709097077, 0.49770190413657256]","[0.0, 0.0, 0.0, 0.0, 0.0, 0.0]","[0.022814, 0.022814, 0.433466, 0.0, 0.045628, 0.022814]"
STATE_MOTOR,1464437.008020468,"[-0.011504855909142308, 0.007669903939428206, 0.5821457090026008, -0.0015339807878856412, -0.01380582709097077, 0.49770190413657256]","[0.0, 0.0, 0.0, 0.0, 0.0, 0.0]","[0.022814, 0.0, 0.501908, 0.0, 0.045628, 0.0]"
STATE_MOTOR,1484495.508018881,"[-0.011504855909142308, 0.007669903939428206, 0.5821457090026008, -0.0015339807878856412, -0.01380582709097077, 0.49770190413657256]","[0.0, 0.0, 0.0, 0.0, 0.0, 0.0]","[0.0, 0.0, 0.615978, 0.0, 0.022814, 0.0]"
STATE_MOTOR,1504551.4130033553,"[-0.011504855909142308, 0.007669903939428206, 0.5821457090026008, -0.0015339807878856412, -0.01380582709097077, 0.49770190413657256]","[0.0, 0.0, 0.0, 0.0, 0.0, 0.0]","[0.022814, 0.022814, 0.45628, 0.0, 0.045628, 0.0]"
STATE_MOTOR,1524611.6059133783,"[-0.011504855909142308, 0.007669903939428206, 0.5821457090026008, -0.0015339807878856412, -0.01380582709097077, 0.49770190413657256]","[0.0, 0.0, 0.0, 0.0, 0.0, 0.0]","[0.022814, 0.022814, 0.45628, 0.0, 0.022814, 0.0]"
STATE_MOTOR,1544667.4519916996,"[-0.011504855909142308, 0.007669903939428206, 0.5821457090026008, -0.0015339807878856412, -0.01380582709097077, 0.49770190413657256]","[0.0, 0.0, 0.0, 0.0, 0.0, 0.0]","[0.022814, 0.022814, 0.547536, 0.0, 0.045628, 0.0]"
STATE_MOTOR,1564724.9600151554,"[-0.011504855909142308, 0.007669903939428206, 0.5821457090026008, -0.0015339807878856412, -0.01380582709097077, 0.49770190413657256]","[0.0, 0.0, 0.0, 0.0, 0.0, 0.0]","[0.022814, 0.022814, 0.45628, 0.0, 0.022814, 0.0]"
STATE_MOTOR,1584779.734024778,"[-0.011504855909142308, 0.007669903939428206, 0.5821457090026008, -0.0015339807878856412, -0.01380582709097077, 0.49770190413657256]","[0.0, 0.0, 0.0, 0.0, 0.0, 0.0]","[0.0, 0.022814, 0.45628, 0.0, 0.022814, 0.0]"
STATE_MOTOR,1604843.8519937918,"[-0.011504855909142308, 0.007669903939428206, 0.5821457090026008, -0.0015339807878856412, -0.01380582709097077, 0.49770190413657256]","[0.0, 0.0, 0.0, 0.0, 0.0, 0.0]","[0.022814, 0.0, 0.433466, 0.0, 0.045628, 0.022814]"
STATE_MOTOR,1624908.8119948283,"[-0.011504855909142308, 0.007669903939428206, 0.5821457090026008, -0.0015339807878856412, -0.01380582709097077, 0.49770190413657256]","[0.0, 0.0, 0.0, 0.0, 0.0, 0.0]","[0.022814, 0.0, 0.45628, 0.0, 0.022814, 0.0]"
STATE_MOTOR,1644973.910995759,"[-0.011504855909142308, 0.007669903939428206, 0.5821457090026008, -0.0015339807878856412, -0.01380582709097077, 0.49770190413657256]","[0.0, 0.0, 0.0, 0.0, 0.0, 0.0]","[0.022814, 0.0, 0.433466, 0.0, 0.022814, 0.0]"
STATE_MOTOR,1665034.3840010464,"[-0.011504855909142308, 0.007669903939428206, 0.5821457090026008, -0.0015339807878856412, -0.01380582709097077, 0.49770190413657256]","[0.0, 0.0, 0.0, 0.0, 0.0, 0.0]","[0.022814, 0.0, 0.45628, 0.0, 0.022814, 0.0]"
STATE_MOTOR,1685091.8519776314,"[-0.011504855909142308, 0.007669903939428206, 0.5821457090026008, -0.0015339807878856412, -0.01380582709097077, 0.49770190413657256]","[0.0, 0.0, 0.0, 0.0, 0.0, 0.0]","[0.0, 0.0, 0.45628, 0.0, 0.022814, 0.0]"
STATE_MOTOR,1705150.0009838492,"[-0.011504855909142308, 0.007669903939428206, 0.5821457090026008, -0.0015339807878856412, -0.01380582709097077, 0.49770190413657256]","[0.0, 0.0, 0.0, 0.0, 0.0, 0.0]","[0.022814, 0.0, 0.524722, 0.0, 0.022814, 0.0]"
STATE_MOTOR,1725210.573989898,"[-0.011504855909142308, 0.007669903939428206, 0.5821457090026008, -0.0015339807878856412, -0.01380582709097077, 0.49770190413657256]","[0.0, 0.0, 0.0, 0.0, 0.0, 0.0]","[0.022814, 0.0, 0.45628, 0.0, 0.022814, 0.0]"
STATE_MOTOR,1745267.7820110694,"[-0.011504855909142308, 0.007669903939428206, 0.5821457090026008, -0.0015339807878856412, -0.01380582709097077, 0.49770190413657256]","[0.0, 0.0, 0.0, 0.0, 0.0, 0.0]","[0.022814, 0.0, 0.433466, 0.0, 0.0, 0.0]"
STATE_MOTOR,1765326.261986047,"[-0.011504855909142308, 0.007669903939428206, 0.5821457090026008, -0.0015339807878856412, -0.01380582709097077, 0.49770190413657256]","[0.0, 0.0, 0.0, 0.0, 0.0, 0.0]","[0.022814, 0.022814, 0.57035, 0.0, 0.045628, 0.0]"
STATE_MOTOR,1785384.2410258949,"[-0.011504855909142308, 0.007669903939428206, 0.5821457090026008, -0.0015339807878856412, -0.01380582709097077, 0.49770190413657256]","[0.0, 0.0, 0.0, 0.0, 0.0, 0.0]","[0.022814, 0.0, 0.501908, 0.0, 0.022814, 0.0]"
STATE_MOTOR,1805410.0419394672,"[-0.011504855909142308, 0.007669903939428206, 0.5821457090026008, -0.0015339807878856412, -0.01380582709097077, 0.49770190413657256]","[0.0, 0.0, 0.0, 0.0, 0.0, 0.0]","[0.022814, 0.0, 0.45628, 0.0, 0.022814, 0.0]"
STATE_MOTOR,1825477.7749534696,"[-0.011504855909142308, 0.007669903939428206, 0.5821457090026008, -0.0015339807878856412, -0.01380582709097077, 0.49770190413657256]","[0.0, 0.0, 0.0, 0.0, 0.0, 0.0]","[0.022814, 0.022814, 0.479094, 0.0, 0.022814, 0.022814]"
STATE_MOTOR,1845537.4569166452,"[-0.011504855909142308, 0.007669903939428206, 0.5821457090026008, -0.0015339807878856412, -0.01380582709097077, 0.49770190413657256]","[0.0, 0.0, 0.0, 0.0, 0.0, 0.0]","[0.022814, 0.022814, 0.45628, 0.0, 0.022814, 0.0]"
STATE_MOTOR,1865598.289994523,"[-0.011504855909142308, 0.007669903939428206, 0.5821457090026008, -0.0015339807878856412, -0.01380582709097077, 0.49770190413657256]","[0.0, 0.0, 0.0, 0.0, 0.0, 0.0]","[0.0, 0.0, 0.45628, 0.0, 0.022814, 0.022814]"
STATE_MOTOR,1885654.5760063455,"[-0.011504855909142308, 0.007669903939428206, 0.5821457090026008, -0.0015339807878856412, -0.01380582709097077, 0.49770190413657256]","[0.0, 0.0, 0.0, 0.0, 0.0, 0.0]","[0.022814, 0.0, 0.45628, 0.0, 0.022814, 0.022814]"
STATE_MOTOR,1905712.7860141918,"[-0.011504855909142308, 0.007669903939428206, 0.5821457090026008, -0.0015339807878856412, -0.01380582709097077, 0.49770190413657256]","[0.0, 0.0, 0.0, 0.0, 0.0, 0.0]","[0.022814, 0.022814, 0.45628, 0.0, 0.045628, 0.0]"
STATE_MOTOR,1925770.30393295,"[-0.011504855909142308, 0.007669903939428206, 0.5821457090026008, -0.0015339807878856412, -0.01380582709097077, 0.49770190413657256]","[0.0, 0.0, 0.0, 0.0, 0.0, 0.0]","[0.022814, 0.0, 0.45628, 0.0, 0.022814, 0.0]"
STATE_MOTOR,1945839.3990062177,"[-0.011504855909142308, 0.007669903939428206, 0.5821457090026008, -0.0015339807878856412, -0.01380582709097077, 0.49770190413657256]","[0.0, 0.0, 0.0, 0.0, 0.0, 0.0]","[0.022814, 0.0, 0.57035, 0.0, 0.045628, 0.0]"
STATE_MOTOR,1965900.794020854,"[-0.011504855909142308, 0.007669903939428206, 0.5821457090026008, -0.0015339807878856412, -0.01380582709097077, 0.49770190413657256]","[0.0, 0.0, 0.0, 0.0, 0.0, 0.0]","[0.022814, 0.022814, 0.615978, 0.0, 0.022814, 0.0]"
STATE_MOTOR,1985961.1759893596,"[-0.011504855909142308, 0.007669903939428206, 0.5821457090026008, -0.0015339807878856412, -0.01380582709097077, 0.49770190413657256]","[0.0, 0.0, 0.0, 0.0, 0.0, 0.0]","[0.022814, 0.0, 0.524722, 0.0, 0.022814, 0.022814]"
STATE_MOTOR,2006029.4599970803,"[-0.011504855909142308, 0.007669903939428206, 0.5821457090026008, -0.0015339807878856412, -0.01380582709097077, 0.49770190413657256]","[0.0, 0.0, 0.0, 0.0, 0.0, 0.0]","[0.022814, 0.0, 0.524722, 0.0, 0.045628, 0.0]"
STATE_MOTOR,2026119.306916371,"[-0.011504855909142308, 0.007669903939428206, 0.5821457090026008, -0.0015339807878856412, -0.01380582709097077, 0.49770190413657256]","[0.0, 0.0, 0.0, 0.0, 0.0, 0.0]","[0.022814, 0.022814, 0.433466, 0.0, 0.022814, 0.0]"
STATE_MOTOR,2046175.4829157144,"[-0.011504855909142308, 0.007669903939428206, 0.5821457090026008, -0.0015339807878856412, -0.01380582709097077, 0.49770190413657256]","[0.0, 0.0, 0.0, 0.0, 0.0, 0.0]","[0.022814, 0.0, 0.45628, 0.0, 0.045628, 0.022814]"
STATE_MOTOR,2066233.161953278,"[-0.011504855909142308, 0.007669903939428206, 0.5821457090026008, -0.0015339807878856412, -0.01380582709097077, 0.49770190413657256]","[0.0, 0.0, 0.0, 0.0, 0.0, 0.0]","[0.045628, 0.022814, 0.501908, 0.0, 0.022814, 0.0]"
STATE_MOTOR,2086290.6000111252,"[-0.011504855909142308, 0.007669903939428206, 0.5821457090026008, -0.0015339807878856412, -0.01380582709097077, 0.49770190413657256]","[0.0, 0.0, 0.0, 0.0, 0.0, 0.0]","[0.022814, 0.0, 0.45628, 0.0, 0.022814, 0.0]"
STATE_MOTOR,2106352.314003743,"[-0.011504855909142308, 0.007669903939428206, 0.5821457090026008, -0.0015339807878856412, -0.01380582709097077, 0.49770190413657256]","[0.0, 0.0, 0.0, 0.0, 0.0, 0.0]","[0.022814, 0.0, 0.524722, 0.0, 0.045628, 0.0]"
STATE_MOTOR,2126409.122021869,"[-0.011504855909142308, 0.007669903939428206, 0.5821457090026008, -0.0015339807878856412, -0.01380582709097077, 0.49770190413657256]","[0.0, 0.0, 0.0, 0.0, 0.0, 0.0]","[0.0, 0.0, 0.547536, 0.0, 0.022814, 0.022814]"
STATE_MOTOR,2146469.904924743,"[-0.011504855909142308, 0.007669903939428206, 0.5821457090026008, -0.0015339807878856412, -0.01380582709097077, 0.49770190413657256]","[0.0, 0.0, 0.0, 0.0, 0.0, 0.0]","[0.022814, 0.022814, 0.433466, 0.0, 0.022814, 0.022814]"
STATE_MOTOR,2166530.8779338375,"[-0.011504855909142308, 0.007669903939428206, 0.5821457090026008, -0.0015339807878856412, -0.01380582709097077, 0.49770190413657256]","[0.0, 0.0, 0.0, 0.0, 0.0, 0.0]","[0.022814, 0.0, 0.433466, 0.0, 0.045628, 0.022814]"
STATE_MOTOR,2186588.7970197946,"[-0.011504855909142308, 0.007669903939428206, 0.5821457090026008, -0.0015339807878856412, -0.01380582709097077, 0.49770190413657256]","[0.0, 0.0, 0.0, 0.0, 0.0, 0.0]","[0.022814, 0.0, 0.45628, 0.0, 0.022814, 0.022814]"
STATE_MOTOR,2206652.0740045235,"[-0.011504855909142308, 0.007669903939428206, 0.5821457090026008, -0.0015339807878856412, -0.01380582709097077, 0.49770190413657256]","[0.0, 0.0, 0.0, 0.0, 0.0, 0.0]","[0.022814, 0.0, 0.45628, 0.0, 0.022814, 0.022814]"
STATE_MOTOR,2226710.7139341533,"[-0.011504855909142308, 0.007669903939428206, 0.5821457090026008, -0.0015339807878856412, -0.01380582709097077, 0.49770190413657256]","[0.0, 0.0, 0.0, 0.0, 0.0, 0.0]","[0.022814, 0.0, 0.45628, 0.0, 0.022814, 0.0]"
STATE_MOTOR,2246767.8519897163,"[-0.011504855909142308, 0.007669903939428206, 0.5821457090026008, -0.0015339807878856412, -0.01380582709097077, 0.49770190413657256]","[0.0, 0.0, 0.0, 0.0, 0.0, 0.0]","[0.022814, 0.0, 0.547536, 0.0, 0.022814, 0.0]"
STATE_MOTOR,2266825.921018608,"[-0.011504855909142308, 0.007669903939428206, 0.5821457090026008, -0.0015339807878856412, -0.01380582709097077, 0.49770190413657256]","[0.0, 0.0, 0.0, 0.0, 0.0, 0.0]","[0.022814, 0.0, 0.479094, 0.0, 0.022814, 0.0]"
STATE_MOTOR,2286884.5309130847,"[-0.011504855909142308, 0.007669903939428206, 0.5821457090026008, -0.0015339807878856412, -0.01380582709097077, 0.49770190413657256]","[0.0, 0.0, 0.0, 0.0, 0.0, 0.0]","[0.022814, 0.0, 0.501908, 0.0, 0.045628, 0.022814]"
STATE_MOTOR,2306943.9919199795,"[-0.011504855909142308, 0.007669903939428206, 0.5821457090026008, -0.0015339807878856412, -0.01380582709097077, 0.49770190413657256]","[0.0, 0.0, 0.0, 0.0, 0.0, 0.0]","[0.022814, 0.0, 0.479094, 0.0, 0.022814, 0.0]"
STATE_MOTOR,2327007.2489976883,"[-0.011504855909142308, 0.007669903939428206, 0.5821457090026008, -0.0015339807878856412, -0.01380582709097077, 0.49770190413657256]","[0.0, 0.0, 0.0, 0.0, 0.0, 0.0]","[0.022814, 0.022814, 0.524722, 0.0, 0.022814, 0.022814]"
STATE_MOTOR,2347069.7639277205,"[-0.011504855909142308, 0.007669903939428206, 0.5821457090026008, -0.0015339807878856412, -0.01380582709097077, 0.49770190413657256]","[0.0, 0.0, 0.0, 0.0, 0.0, 0.0]","[0.022814, 0.022814, 0.501908, 0.0, 0.022814, 0.0]"
STATE_MOTOR,2367128.7149190903,"[-0.011504855909142308, 0.007669903939428206, 0.5821457090026008, -0.0015339807878856412, -0.01380582709097077, 0.49770190413657256]","[0.0, 0.0, 0.0, 0.0, 0.0, 0.0]","[0.022814, 0.0, 0.501908, 0.0, 0.022814, 0.0]"
STATE_MOTOR,2387185.6519253924,"[-0.011504855909142308, 0.007669903939428206, 0.5821457090026008, -0.0015339807878856412, -0.01380582709097077, 0.49770190413657256]","[0.0, 0.0, 0.0, 0.0, 0.0, 0.0]","[0.0, 0.0, 0.524722, 0.0, 0.022814, 0.0]"
STATE_MOTOR,2407242.7100036293,"[-0.011504855909142308, 0.007669903939428206, 0.5821457090026008, -0.0015339807878856412, -0.01380582709097077, 0.49770190413657256]","[0.0, 0.0, 0.0, 0.0, 0.0, 0.0]","[0.022814, 0.0, 0.547536, 0.0, 0.022814, 0.0]"
STATE_MOTOR,2427297.5439671427,"[-0.011504855909142308, 0.010737865515199488, 0.5821457090026008, -0.0015339807878856412, -0.01380582709097077, 0.49770190413657256]","[0.0, 0.0, 0.0, 0.0, 0.0, 0.0]","[0.022814, 0.022814, 0.547536, 0.0, 0.022814, 0.0]"
STATE_MOTOR,2447355.6529264897,"[-0.011504855909142308, 0.01380582709097077, 0.5821457090026008, -0.0015339807878856412, -0.01380582709097077, 0.49770190413657256]","[0.0, 0.23009711818284617, 0.0, 0.0, 0.0, 0.0]","[0.022814, 0.0, 0.501908, 0.0, 0.022814, 0.0]"
STATE_MOTOR,2467398.350010626,"[-0.011504855909142308, 0.01380582709097077, 0.5821457090026008, -0.0015339807878856412, -0.01380582709097077, 0.49770190413657256]","[0.0, 0.07669903939428206, 0.0, 0.0, 0.0, 0.0]","[0.022814, 0.0, 0.479094, 0.0, 0.022814, 0.022814]"
STATE_MOTOR,2487452.963949181,"[-0.011504855909142308, 0.015339807878856412, 0.5821457090026008, -0.0015339807878856412, -0.01380582709097077, 0.49770190413657256]","[0.0, 0.07669903939428206, 0.0, 0.0, 0.0, 0.0]","[0.022814, 0.0, 0.615978, 0.0, 0.022814, 0.0]"
STATE_MOTOR,2507511.38292253,"[-0.011504855909142308, 0.015339807878856412, 0.5821457090026008, -0.0015339807878856412, -0.01380582709097077, 0.49770190413657256]","[0.0, 0.0, 0.0, 0.0, 0.0, 0.0]","[0.022814, 0.0, 0.433466, 0.0, 0.022814, 0.022814]"
STATE_MOTOR,2527569.0319249406,"[-0.011504855909142308, 0.015339807878856412, 0.5821457090026008, -0.0015339807878856412, -0.01380582709097077, 0.49770190413657256]","[0.0, 0.0, 0.0, 0.0, 0.0, 0.0]","[0.022814, 0.022814, 0.45628, 0.0, 0.022814, 0.022814]"
STATE_MOTOR,2547628.95393651,"[-0.011504855909142308, 0.015339807878856412, 0.5821457090026008, -0.0015339807878856412, -0.01380582709097077, 0.49770190413657256]","[0.0, 0.0, 0.0, 0.0, 0.0, 0.0]","[0.022814, 0.0, 0.45628, 0.0, 0.022814, 0.0]"
STATE_MOTOR,2567685.6610225514,"[-0.009970875121256667, 0.015339807878856412, 0.5821457090026008, -0.0015339807878856412, -0.01380582709097077, 0.49770190413657256]","[0.0, 0.0, 0.0, 0.0, 0.0, 0.0]","[0.0, 0.022814, 0.57035, 0.0, 0.022814, 0.022814]"
STATE_MOTOR,2587740.8349188045,"[-0.009970875121256667, 0.015339807878856412, 0.5821457090026008, -0.0015339807878856412, -0.01380582709097077, 0.49770190413657256]","[0.07669903939428206, 0.0, 0.0, 0.0, 0.0, 0.0]","[0.022814, 0.0, 0.524722, 0.0, 0.045628, 0.022814]"
STATE_MOTOR,2607799.264951609,"[-0.009970875121256667, 0.015339807878856412, 0.5821457090026008, -0.0015339807878856412, -0.01380582709097077, 0.49770190413657256]","[0.0, 0.0, 0.0, 0.0, 0.0, 0.0]","[0.022814, 0.0, 0.547536, 0.0, 0.022814, 0.022814]"
STATE_MOTOR,2627857.0239664987,"[-0.009970875121256667, 0.01687378866674205, 0.5821457090026008, -0.0015339807878856412, -0.01380582709097077, 0.49770190413657256]","[0.0, 0.0, 0.0, 0.0, 0.0, 0.0]","[0.022814, 0.0, 0.433466, 0.0, 0.022814, 0.022814]"
STATE_MOTOR,2647915.6139539555,"[-0.009970875121256667, 0.01687378866674205, 0.5821457090026008, -0.0015339807878856412, -0.01380582709097077, 0.49770190413657256]","[0.0, 0.07669903939428206, 0.0, 0.0, 0.0, 0.0]","[0.022814, 0.0, 0.501908, 0.0, 0.022814, 0.0]"
STATE_MOTOR,2667972.099967301,"[-0.009970875121256667, 0.018407769454627694, 0.5821457090026008, -0.0015339807878856412, -0.01380582709097077, 0.49770190413657256]","[0.0, 0.0, 0.0, 0.0, 0.0, 0.0]","[0.022814, 0.0, 0.45628, 0.0, 0.022814, 0.0]"
STATE_MOTOR,2688037.2199229896,"[-0.009970875121256667, 0.021475731030398976, 0.5821457090026008, -0.0015339807878856412, -0.01380582709097077, 0.49770190413657256]","[0.0, 0.07669903939428206, 0.0, 0.0, 0.0, 0.0]","[0.022814, 0.022814, 0.433466, 0.0, 0.022814, 0.0]"
STATE_MOTOR,2708096.9819799066,"[-0.009970875121256667, 0.023009711818284616, 0.5821457090026008, -0.0015339807878856412, -0.01380582709097077, 0.49770190413657256]","[0.0, 0.15339807878856412, 0.0, 0.0, 0.0, 0.0]","[0.022814, 0.0, 0.547536, 0.0, 0.045628, 0.0]"
STATE_MOTOR,2728154.2199198157,"[-0.009970875121256667, 0.02454369260617026, 0.5821457090026008, -0.0015339807878856412, -0.01380582709097077, 0.49770190413657256]","[0.0, 0.07669903939428206, 0.0, 0.0, 0.0, 0.0]","[0.022814, 0.0, 0.501908, 0.0, 0.022814, 0.0]"
STATE_MOTOR,2748210.816993378,"[-0.009970875121256667, 0.02454369260617026, 0.5821457090026008, -0.0015339807878856412, -0.01380582709097077, 0.49770190413657256]","[0.0, 0.07669903939428206, 0.0, 0.0, 0.0, 0.0]","[0.022814, 0.0, 0.45628, 0.0, 0.045628, 0.022814]"
STATE_MOTOR,2768268.876010552,"[-0.009970875121256667, 0.026077673394055898, 0.5821457090026008, -0.0015339807878856412, -0.01380582709097077, 0.49770190413657256]","[0.0, 0.0, 0.0, 0.0, 0.0, 0.0]","[0.022814, 0.0, 0.615978, 0.0, 0.022814, 0.0]"
STATE_MOTOR,2788327.3649495095,"[-0.009970875121256667, 0.026077673394055898, 0.5821457090026008, -0.0015339807878856412, -0.01380582709097077, 0.49770190413657256]","[0.0, 0.07669903939428206, 0.0, 0.0, 0.0, 0.0]","[0.022814, 0.0, 0.479094, 0.0, 0.022814, 0.022814]"
STATE_MOTOR,2808383.871917613,"[-0.009970875121256667, 0.026077673394055898, 0.5821457090026008, -0.0015339807878856412, -0.01380582709097077, 0.49770190413657256]","[0.0, 0.0, 0.0, 0.0, 0.0, 0.0]","[0.022814, 0.0, 0.45628, 0.0, 0.022814, 0.0]"
STATE_MOTOR,2828437.484917231,"[-0.009970875121256667, 0.026077673394055898, 0.5821457090026008, -0.0015339807878856412, -0.01380582709097077, 0.49770190413657256]","[0.0, 0.0, 0.0, 0.0, 0.0, 0.0]","[0.0, 0.0, 0.45628, 0.0, 0.022814, 0.0]"
STATE_MOTOR,2848494.7929391637,"[-0.009970875121256667, 0.02761165418194154, 0.5821457090026008, -0.0015339807878856412, -0.01380582709097077, 0.49770190413657256]","[0.0, 0.0, 0.0, 0.0, 0.0, 0.0]","[0.022814, 0.0, 0.524722, 0.0, 0.022814, 0.022814]"
STATE_MOTOR,2868548.966012895,"[-0.009970875121256667, 0.032213596545598466, 0.5821457090026008, -0.0015339807878856412, -0.01380582709097077, 0.49770190413657256]","[0.0, 0.15339807878856412, 0.0, 0.0, 0.0, 0.0]","[0.022814, 0.022814, 0.45628, 0.0, 0.022814, 0.0]"
STATE_MOTOR,2888605.372980237,"[-0.009970875121256667, 0.035281558121369745, 0.5821457090026008, -0.0015339807878856412, -0.01380582709097077, 0.49770190413657256]","[0.0, 0.15339807878856412, 0.0, 0.0, 0.0, 0.0]","[0.022814, 0.0, 0.45628, 0.0, 0.045628, 0.022814]"
STATE_MOTOR,2908660.577959381,"[-0.009970875121256667, 0.035281558121369745, 0.5821457090026008, -0.0015339807878856412, -0.01380582709097077, 0.49770190413657256]","[0.0, 0.15339807878856412, 0.0, 0.0, 0.0, 0.0]","[0.022814, 0.0, 0.547536, 0.0, 0.022814, 0.0]"
STATE_MOTOR,2928718.716953881,"[-0.011504855909142308, 0.03681553890925539, 0.5821457090026008, -0.0015339807878856412, -0.01380582709097077, 0.49770190413657256]","[-0.07669903939428206, 0.0, 0.0, 0.0, 0.0, 0.0]","[0.022814, 0.0, 0.547536, 0.0, 0.022814, 0.022814]"
STATE_MOTOR,2948776.835924946,"[-0.011504855909142308, 0.03681553890925539, 0.5821457090026008, -0.0015339807878856412, -0.01380582709097077, 0.49770190413657256]","[0.0, 0.07669903939428206, 0.0, 0.0, 0.0, 0.0]","[0.022814, 0.0, 0.433466, 0.0, 0.022814, 0.0]"
STATE_MOTOR,2968832.992017269,"[-0.011504855909142308, 0.03681553890925539, 0.5821457090026008, -0.0015339807878856412, -0.01380582709097077, 0.49770190413657256]","[0.0, 0.0, 0.0, 0.0, 0.0, 0.0]","[0.0, 0.0, 0.524722, 0.0, 0.022814, 0.0]"
STATE_MOTOR,2988890.5599946156,"[-0.011504855909142308, 0.03834951969714103, 0.5821457090026008, -0.0015339807878856412, -0.01380582709097077, 0.49770190413657256]","[0.0, 0.0, 0.0, 0.0, 0.0, 0.0]","[0.022814, 0.0, 0.433466, 0.0, 0.045628, 0.0]"
STATE_MOTOR,3008949.4709391147,"[-0.009970875121256667, 0.03988350048502667, 0.5806117282147152, -0.0015339807878856412, -0.01380582709097077, 0.49770190413657256]","[0.07669903939428206, 0.07669903939428206, -0.07669903939428206, 0.0, 0.0, 0.0]","[0.0, 0.0, 0.433466, 0.0, 0.022814, 0.022814]"
STATE_MOTOR,3029038.705979474,"[-0.009970875121256667, 0.04141748127291231, 0.5806117282147152, -0.0015339807878856412, -0.01380582709097077, 0.49770190413657256]","[0.0, 0.07669903939428206, 0.0, 0.0, 0.0, 0.0]","[0.022814, 0.0, 0.410652, 0.0, 0.022814, 0.0]"
STATE_MOTOR,3049094.631918706,"[-0.009970875121256667, 0.04295146206079795, 0.5806117282147152, -0.0015339807878856412, -0.01380582709097077, 0.49770190413657256]","[0.0, 0.07669903939428206, 0.0, 0.0, 0.0, 0.0]","[0.022814, 0.0, 0.410652, 0.0, 0.022814, 0.022814]"
STATE_MOTOR,3069149.035960436,"[-0.009970875121256667, 0.04601942363656923, 0.5821457090026008, -0.0015339807878856412, -0.01380582709097077, 0.49770190413657256]","[0.0, 0.15339807878856412, 0.07669903939428206, 0.0, 0.0, 0.0]","[0.022814, 0.0, 0.45628, 0.0, 0.022814, 0.0]"
STATE_MOTOR,3089206.0339683667,"[-0.009970875121256667, 0.047553404424454875, 0.5821457090026008, -0.0015339807878856412, -0.01380582709097077, 0.49770190413657256]","[0.0, 0.07669903939428206, 0.0, 0.0, 0.0, 0.0]","[0.022814, 0.022814, 0.615978, 0.0, 0.045628, 0.022814]"
STATE_MOTOR,3109261.1679341644,"[-0.009970875121256667, 0.047553404424454875, 0.5821457090026008, -0.0015339807878856412, -0.01380582709097077, 0.49770190413657256]","[0.0, 0.0, 0.0, 0.0, 0.0, 0.0]","[0.022814, 0.0, 0.547536, 0.0, 0.045628, 0.0]"
STATE_MOTOR,3129318.5459217057,"[-0.009970875121256667, 0.047553404424454875, 0.5821457090026008, -0.0015339807878856412, -0.01380582709097077, 0.49770190413657256]","[0.0, 0.0, 0.0, 0.0, 0.0, 0.0]","[0.022814, 0.0, 0.547536, 0.0, 0.022814, 0.0]"
STATE_MOTOR,3149376.3650069013,"[-0.009970875121256667, 0.04601942363656923, 0.5821457090026008, -0.0015339807878856412, -0.01380582709097077, 0.49770190413657256]","[0.0, -0.07669903939428206, 0.0, 0.0, 0.0, 0.0]","[0.022814, 0.0, 0.479094, 0.0, 0.045628, 0.022814]"
