type,timestamp,positions,velocities,torques
STATE_MOTOR,5.107955075800419,"[-0.009970875121256667, 0.01380582709097077, 0.5760097858510582, -0.006135923151542565, 0.010737865515199488, 0.4970453053184504]","[0.0, 0.0, 0.0, 0.0, 0.0, 0.0]","[0.022814, 0.022814, 0.45628, 0.022814, 0.022814, 0.0]"
STATE_MOTOR,20095.852902159095,"[-0.009970875121256667, 0.01380582709097077, 0.5760097858510582, -0.006135923151542565, 0.010737865515199488, 0.4970453053184504]","[0.0, 0.0, 0.0, 0.0, 0.0, 0.0]","[0.022814, 0.022814, 0.45628, 0.0, 0.022814, 0.022814]"
STATE_MOTOR,40156.58190473914,"[-0.009970875121256667, 0.01380582709097077, 0.5760097858510582, -0.006135923151542565, 0.010737865515199488, 0.4970453053184504]","[0.0, 0.0, 0.0, 0.0, 0.0, 0.0]","[0.022814, 0.022814, 0.410652, 0.022814, 0.022814, 0.0]"
STATE_MOTOR,60223.831911571324,"[-0.009970875121256667, 0.01380582709097077, 0.5760097858510582, -0.006135923151542565, 0.010737865515199488, 0.4970453053184504]","[0.0, 0.0, 0.0, 0.0, 0.0, 0.0]","[0.022814, 0.022814, 0.410652, 0.022814, 0.0, 0.0]"
STATE_MOTOR,80283.95101428032,"[-0.009970875121256667, 0.01380582709097077, 0.5760097858510582, -0.006135923151542565, 0.010737865515199488, 0.4970453053184504]","[0.0, 0.0, 0.0, 0.0, 0.0, 0.0]","[0.022814, 0.022814, 0.45628, 0.022814, 0.022814, 0.022814]"
STATE_MOTOR,100342.60794054717,"[-0.009970875121256667, 0.01380582709097077, 0.5760097858510582, -0.006135923151542565, 0.010737865515199488, 0.4970453053184504]","[0.0, 0.0, 0.0, 0.0, 0.0, 0.0]","[0.022814, 0.022814, 0.410652, 0.022814, 0.022814, 0.0]"
STATE_MOTOR,120401.36498399079,"[-0.009970875121256667, 0.01380582709097077, 0.5760097858510582, -0.006135923151542565, 0.010737865515199488, 0.4970453053184504]","[0.0, 0.0, 0.0, 0.0, 0.0, 0.0]","[0.022814, 0.022814, 0.501908, 0.022814, 0.022814, 0.0]"
STATE_MOTOR,140461.16301324219,"[-0.009970875121256667, 0.01380582709097077, 0.5760097858510582, -0.006135923151542565, 0.010737865515199488, 0.4970453053184504]","[0.0, 0.0, 0.0, 0.0, 0.0, 0.0]","[0.022814, 0.022814, 0.410652, 0.022814, 0.0, 0.022814]"
STATE_MOTOR,160522.1430072561,"[-0.009970875121256667, 0.01380582709097077, 0.5760097858510582, -0.006135923151542565, 0.010737865515199488, 0.4970453053184504]","[0.0, 0.0, 0.0, 0.0, 0.0, 0.0]","[0.022814, 0.022814, 0.410652, 0.0, 0.022814, 0.022814]"
STATE_MOTOR,180536.6639746353,"[-0.009970875121256667, 0.01380582709097077, 0.5760097858510582, -0.006135923151542565, 0.010737865515199488, 0.4970453053184504]","[0.0, 0.0, 0.0, 0.0, 0.0, 0.0]","[0.022814, 0.022814, 0.501908, 0.0, 0.022814, 0.022814]"
STATE_MOTOR,200596.16200160235,"[-0.009970875121256667, 0.01380582709097077, 0.5760097858510582, -0.006135923151542565, 0.010737865515199488, 0.4970453053184504]","[0.0, 0.0, 0.0, 0.0, 0.0, 0.0]","[0.022814, 0.022814, 0.410652, 0.0, 0.022814, 0.022814]"
STATE_MOTOR,220658.3139486611,"[-0.009970875121256667, 0.01380582709097077, 0.5760097858510582, -0.006135923151542565, 0.010737865515199488, 0.4970453053184504]","[0.0, 0.0, 0.0, 0.0, 0.0, 0.0]","[0.022814, 0.0, 0.410652, 0.0, 0.022814, 0.022814]"
STATE_MOTOR,240717.22093503922,"[-0.009970875121256667, 0.01380582709097077, 0.5760097858510582, -0.006135923151542565, 0.010737865515199488, 0.4970453053184504]","[0.0, 0.0, 0.0, 0.0, 0.0, 0.0]","[0.0, 0.022814, 0.410652, 0.0, 0.022814, 0.022814]"
STATE_MOTOR,260773.90497084707,"[-0.009970875121256667, 0.01380582709097077, 0.5760097858510582, -0.006135923151542565, 0.010737865515199488, 0.4970453053184504]","[0.0, 0.0, 0.0, 0.0, 0.0, 0.0]","[0.022814, 0.022814, 0.410652, 0.0, 0.022814, 0.022814]"
STATE_MOTOR,280833.4329165518,"[-0.009970875121256667, 0.01380582709097077, 0.5760097858510582, -0.006135923151542565, 0.010737865515199488, 0.4970453053184504]","[0.0, 0.0, 0.0, 0.0, 0.0, 0.0]","[0.022814, 0.022814, 0.410652, 0.022814, 0.022814, 0.0]"
STATE_MOTOR,300892.03000534326,"[-0.009970875121256667, 0.01380582709097077, 0.5760097858510582, -0.006135923151542565, 0.010737865515199488, 0.4970453053184504]","[0.0, 0.0, 0.0, 0.0, 0.0, 0.0]","[0.0, 0.022814, 0.410652, 0.0, 0.0, 0.022814]"
STATE_MOTOR,320951.81790646166,"[-0.009970875121256667, 0.01380582709097077, 0.5760097858510582, -0.006135923151542565, 0.010737865515199488, 0.4970453053184504]","[0.0, 0.0, 0.0, 0.0, 0.0, 0.0]","[0.022814, 0.022814, 0.410652, 0.0, 0.022814, 0.022814]"
STATE_MOTOR,341008.7019437924,"[-0.009970875121256667, 0.01380582709097077, 0.5760097858510582, -0.006135923151542565, 0.010737865515199488, 0.4970453053184504]","[0.0, 0.0, 0.0, 0.0, 0.0, 0.0]","[0.022814, 0.022814, 0.524722, 0.022814, 0.022814, 0.022814]"
STATE_MOTOR,361074.3390163407,"[-0.009970875121256667, 0.01380582709097077, 0.5760097858510582, -0.006135923151542565, 0.010737865515199488, 0.4970453053184504]","[0.0, 0.0, 0.0, 0.0, 0.0, 0.0]","[0.022814, 0.022814, 0.433466, 0.0, 0.022814, 0.022814]"
STATE_MOTOR,381134.0680113062,"[-0.009970875121256667, 0.01380582709097077, 0.5760097858510582, -0.006135923151542565, 0.010737865515199488, 0.4970453053184504]","[0.0, 0.0, 0.0, 0.0, 0.0, 0.0]","[0.022814, 0.022814, 0.410652, 0.022814, 0.022814, 0.0]"
STATE_MOTOR,401197.0709543675,"[-0.009970875121256667, 0.01380582709097077, 0.5760097858510582, -0.006135923151542565, 0.010737865515199488, 0.4970453053184504]","[0.0, 0.0, 0.0, 0.0, 0.0, 0.0]","[0.022814, 0.022814, 0.410652, 0.022814, 0.022814, 0.022814]"
STATE_MOTOR,421263.14900815487,"[-0.009970875121256667, 0.01380582709097077, 0.5760097858510582, -0.006135923151542565, 0.010737865515199488, 0.4970453053184504]","[0.0, 0.0, 0.0, 0.0, 0.0, 0.0]","[0.022814, 0.022814, 0.410652, 0.022814, 0.022814, 0.022814]"
STATE_MOTOR,441321.2949875742,"[-0.009970875121256667, 0.01380582709097077, 0.5760097858510582, -0.006135923151542565, 0.010737865515199488, 0.4970453053184504]","[0.0, 0.0, 0.0, 0.0, 0.0, 0.0]","[0.022814, 0.0, 0.410652, 0.0, 0.022814, 0.022814]"
STATE_MOTOR,461375.8649211377,"[-0.009970875121256667, 0.01380582709097077, 0.5760097858510582, -0.006135923151542565, 0.010737865515199488, 0.4970453053184504]","[0.0, 0.0, 0.0, 0.0, 0.0, 0.0]","[0.022814, 0.022814, 0.45628, 0.022814, 0.022814, 0.0]"
STATE_MOTOR,481431.6879492253,"[-0.009970875121256667, 0.01380582709097077, 0.5760097858510582, -0.006135923151542565, 0.010737865515199488, 0.4970453053184504]","[0.0, 0.0, 0.0, 0.0, 0.0, 0.0]","[0.022814, 0.022814, 0.479094, 0.022814, 0.022814, 0.022814]"
STATE_MOTOR,501485.1469313726,"[-0.009970875121256667, 0.01380582709097077, 0.5760097858510582, -0.006135923151542565, 0.010737865515199488, 0.4970453053184504]","[0.0, 0.0, 0.0, 0.0, 0.0, 0.0]","[0.022814, 0.022814, 0.410652, 0.022814, 0.022814, 0.022814]"
STATE_MOTOR,521532.35592413694,"[-0.009970875121256667, 0.01380582709097077, 0.5760097858510582, -0.006135923151542565, 0.010737865515199488, 0.4970453053184504]","[0.0, 0.0, 0.0, 0.0, 0.0, 0.0]","[0.022814, 0.022814, 0.479094, 0.0, 0.022814, 0.0]"
STATE_MOTOR,541591.2629105151,"[-0.009970875121256667, 0.01380582709097077, 0.5760097858510582, -0.006135923151542565, 0.010737865515199488, 0.4970453053184504]","[0.0, 0.0, 0.0, 0.0, 0.0, 0.0]","[0.022814, 0.022814, 0.410652, 0.022814, 0.022814, 0.0]"
STATE_MOTOR,561648.0169119313,"[-0.009970875121256667, 0.01380582709097077, 0.5760097858510582, -0.006135923151542565, 0.010737865515199488, 0.4970453053184504]","[0.0, 0.0, 0.0, 0.0, 0.0, 0.0]","[0.022814, 0.022814, 0.45628, 0.0, 0.022814, 0.022814]"
STATE_MOTOR,581702.8880119324,"[-0.009970875121256667, 0.01380582709097077, 0.5760097858510582, -0.006135923151542565, 0.010737865515199488, 0.4970453053184504]","[0.0, 0.0, 0.0, 0.0, 0.0, 0.0]","[0.022814, 0.022814, 0.45628, 0.022814, 0.022814, 0.022814]"
STATE_MOTOR,601760.5939414352,"[-0.009970875121256667, 0.01380582709097077, 0.5760097858510582, -0.006135923151542565, 0.010737865515199488, 0.4970453053184504]","[0.0, 0.0, 0.0, 0.0, 0.0, 0.0]","[0.022814, 0.022814, 0.433466, 0.0, 0.022814, 0.022814]"
STATE_MOTOR,621817.0269858092,"[-0.009970875121256667, 0.01380582709097077, 0.5760097858510582, -0.006135923151542565, 0.010737865515199488, 0.4970453053184504]","[0.0, 0.0, 0.0, 0.0, 0.0, 0.0]","[0.022814, 0.022814, 0.410652, 0.0, 0.022814, 0.022814]"
STATE_MOTOR,641874.6419949457,"[-0.009970875121256667, 0.01380582709097077, 0.5760097858510582, -0.006135923151542565, 0.010737865515199488, 0.4970453053184504]","[0.0, 0.0, 0.0, 0.0, 0.0, 0.0]","[0.022814, 0.022814, 0.410652, 0.0, 0.022814, 0.0]"
STATE_MOTOR,661929.9339363351,"[-0.009970875121256667, 0.01380582709097077, 0.5760097858510582, -0.006135923151542565, 0.010737865515199488, 0.4970453053184504]","[0.0, 0.0, 0.0, 0.0, 0.0, 0.0]","[0.022814, 0.022814, 0.501908, 0.0, 0.022814, 0.0]"
STATE_MOTOR,681987.5090150163,"[-0.009970875121256667, 0.01380582709097077, 0.5760097858510582, -0.006135923151542565, 0.010737865515199488, 0.4970453053184504]","[0.0, 0.0, 0.0, 0.0, 0.0, 0.0]","[0.022814, 0.022814, 0.433466, 0.0, 0.022814, 0.0]"
STATE_MOTOR,702045.0140116736,"[-0.009970875121256667, 0.01380582709097077, 0.5760097858510582, -0.006135923151542565, 0.010737865515199488, 0.4970453053184504]","[0.0, 0.0, 0.0, 0.0, 0.0, 0.0]","[0.022814, 0.0, 0.547536, 0.022814, 0.0, 0.0]"
STATE_MOTOR,722103.0399668962,"[-0.009970875121256667, 0.01380582709097077, 0.5760097858510582, -0.006135923151542565, 0.010737865515199488, 0.4970453053184504]","[0.0, 0.0, 0.0, 0.0, 0.0, 0.0]","[0.022814, 0.022814, 0.387838, 0.022814, 0.022814, 0.022814]"
STATE_MOTOR,742160.0139932707,"[-0.009970875121256667, 0.01380582709097077, 0.5760097858510582, -0.006135923151542565, 0.010737865515199488, 0.4970453053184504]","[0.0, 0.0, 0.0, 0.0, 0.0, 0.0]","[0.022814, 0.022814, 0.410652, 0.0, 0.022814, 0.022814]"
STATE_MOTOR,762219.4319264963,"[-0.009970875121256667, 0.01380582709097077, 0.5760097858510582, -0.006135923151542565, 0.010737865515199488, 0.4970453053184504]","[0.0, 0.0, 0.0, 0.0, 0.0, 0.0]","[0.022814, 0.0, 0.387838, 0.0, 0.022814, 0.022814]"
STATE_MOTOR,782283.796928823,"[-0.009970875121256667, 0.01380582709097077, 0.5760097858510582, -0.006135923151542565, 0.010737865515199488, 0.4970453053184504]","[0.0, 0.0, 0.0, 0.0, 0.0, 0.0]","[0.022814, 0.0, 0.479094, 0.022814, 0.022814, 0.0]"
STATE_MOTOR,802345.3179048374,"[-0.009970875121256667, 0.01380582709097077, 0.5760097858510582, -0.006135923151542565, 0.010737865515199488, 0.4970453053184504]","[0.0, 0.0, 0.0, 0.0, 0.0, 0.0]","[0.022814, 0.0, 0.45628, 0.0, 0.022814, 0.0]"
STATE_MOTOR,822402.5230156258,"[-0.009970875121256667, 0.01380582709097077, 0.5760097858510582, -0.006135923151542565, 0.010737865515199488, 0.4970453053184504]","[0.0, 0.0, 0.0, 0.0, 0.0, 0.0]","[0.0, 0.022814, 0.45628, 0.0, 0.022814, 0.0]"
STATE_MOTOR,842470.1929325238,"[-0.009970875121256667, 0.01380582709097077, 0.5760097858510582, -0.006135923151542565, 0.010737865515199488, 0.4970453053184504]","[0.0, 0.0, 0.0, 0.0, 0.0, 0.0]","[0.0, 0.022814, 0.479094, 0.022814, 0.0, 0.0]"
STATE_MOTOR,862536.3809987903,"[-0.009970875121256667, 0.01380582709097077, 0.5760097858510582, -0.006135923151542565, 0.010737865515199488, 0.4970453053184504]","[0.0, 0.0, 0.0, 0.0, 0.0, 0.0]","[0.022814, 0.022814, 0.479094, 0.022814, 0.022814, 0.0]"
STATE_MOTOR,882592.594018206,"[-0.009970875121256667, 0.01380582709097077, 0.5760097858510582, -0.006135923151542565, 0.010737865515199488, 0.4970453053184504]","[0.0, 0.0, 0.0, 0.0, 0.0, 0.0]","[0.0, 0.022814, 0.479094, 0.0, 0.022814, 0.022814]"
STATE_MOTOR,902652.311953716,"[-0.009970875121256667, 0.01380582709097077, 0.5760097858510582, -0.006135923151542565, 0.010737865515199488, 0.4970453053184504]","[0.0, 0.0, 0.0, 0.0, 0.0, 0.0]","[0.022814, 0.022814, 0.45628, 0.022814, 0.022814, 0.022814]"
STATE_MOTOR,922710.2479198948,"[-0.009970875121256667, 0.01380582709097077, 0.5760097858510582, -0.006135923151542565, 0.010737865515199488, 0.4970453053184504]","[0.0, 0.0, 0.0, 0.0, 0.0, 0.0]","[0.022814, 0.022814, 0.45628, 0.0, 0.022814, 0.022814]"
STATE_MOTOR,942768.8149735332,"[-0.009970875121256667, 0.01380582709097077, 0.5760097858510582, -0.006135923151542565, 0.010737865515199488, 0.4970453053184504]","[0.0, 0.0, 0.0, 0.0, 0.0, 0.0]","[0.022814, 0.022814, 0.479094, 0.0, 0.022814, 0.0]"
STATE_MOTOR,962826.729984954,"[-0.009970875121256667, 0.01380582709097077, 0.5760097858510582, -0.006135923151542565, 0.010737865515199488, 0.4970453053184504]","[0.0, 0.0, 0.0, 0.0, 0.0, 0.0]","[0.022814, 0.022814, 0.433466, 0.022814, 0.022814, 0.022814]"
STATE_MOTOR,982885.6469830498,"[-0.009970875121256667, 0.01380582709097077, 0.5760097858510582, -0.006135923151542565, 0.010737865515199488, 0.4970453053184504]","[0.0, 0.0, 0.0, 0.0, 0.0, 0.0]","[0.022814, 0.022814, 0.410652, 0.0, 0.022814, 0.022814]"
STATE_MOTOR,1002942.2709485516,"[-0.009970875121256667, 0.01380582709097077, 0.5760097858510582, -0.006135923151542565, 0.010737865515199488, 0.4970453053184504]","[0.0, 0.0, 0.0, 0.0, 0.0, 0.0]","[0.022814, 0.0, 0.547536, 0.0, 0.022814, 0.022814]"
STATE_MOTOR,1023028.0079413205,"[-0.009970875121256667, 0.01380582709097077, 0.5760097858510582, -0.006135923151542565, 0.010737865515199488, 0.4970453053184504]","[0.0, 0.0, 0.0, 0.0, 0.0, 0.0]","[0.022814, 0.022814, 0.410652, 0.022814, 0.022814, 0.0]"
STATE_MOTOR,1043086.9249394163,"[-0.009970875121256667, 0.01380582709097077, 0.5760097858510582, -0.006135923151542565, 0.010737865515199488, 0.4970453053184504]","[0.0, 0.0, 0.0, 0.0, 0.0, 0.0]","[0.022814, 0.022814, 0.501908, 0.0, 0.0, 0.022814]"
STATE_MOTOR,1063145.4319227487,"[-0.009970875121256667, 0.01380582709097077, 0.5760097858510582, -0.006135923151542565, 0.010737865515199488, 0.4970453053184504]","[0.0, 0.0, 0.0, 0.0, 0.0, 0.0]","[0.045628, 0.022814, 0.410652, 0.022814, 0.022814, 0.022814]"
STATE_MOTOR,1083206.181996502,"[-0.009970875121256667, 0.01380582709097077, 0.5760097858510582, -0.006135923151542565, 0.010737865515199488, 0.4970453053184504]","[0.0, 0.0, 0.0, 0.0, 0.0, 0.0]","[0.022814, 0.022814, 0.410652, 0.022814, 0.022814, 0.0]"
STATE_MOTOR,1103262.9359979182,"[-0.009970875121256667, 0.01380582709097077, 0.5760097858510582, -0.006135923151542565, 0.010737865515199488, 0.4970453053184504]","[0.0, 0.0, 0.0, 0.0, 0.0, 0.0]","[0.022814, 0.0, 0.410652, 0.0, 0.022814, 0.0]"
STATE_MOTOR,1123322.6439217106,"[-0.009970875121256667, 0.01380582709097077, 0.5760097858510582, -0.006135923151542565, 0.010737865515199488, 0.4970453053184504]","[0.0, 0.0, 0.0, 0.0, 0.0, 0.0]","[0.022814, 0.022814, 0.410652, 0.022814, 0.022814, 0.022814]"
STATE_MOTOR,1143382.7629080042,"[-0.009970875121256667, 0.01380582709097077, 0.5760097858510582, -0.006135923151542565, 0.010737865515199488, 0.4970453053184504]","[0.0, 0.0, 0.0, 0.0, 0.0, 0.0]","[0.0, 0.022814, 0.479094, 0.022814, 0.022814, 0.022814]"
STATE_MOTOR,1163440.8889804035,"[-0.009970875121256667, 0.01380582709097077, 0.5760097858510582, -0.006135923151542565, 0.010737865515199488, 0.4970453053184504]","[0.0, 0.0, 0.0, 0.0, 0.0, 0.0]","[0.022814, 0.022814, 0.479094, 0.022814, 0.022814, 0.0]"
STATE_MOTOR,1183502.9609501362,"[-0.009970875121256667, 0.01380582709097077, 0.5760097858510582, -0.006135923151542565, 0.010737865515199488, 0.4970453053184504]","[0.0, 0.0, 0.0, 0.0, 0.0, 0.0]","[0.022814, 0.0, 0.410652, 0.0, 0.022814, 0.022814]"
STATE_MOTOR,1203562.8790035844,"[-0.009970875121256667, 0.01380582709097077, 0.5760097858510582, -0.006135923151542565, 0.010737865515199488, 0.4970453053184504]","[0.0, 0.0, 0.0, 0.0, 0.0, 0.0]","[0.022814, 0.022814, 0.479094, 0.022814, 0.022814, 0.0]"
STATE_MOTOR,1223627.2339941934,"[-0.009970875121256667, 0.01380582709097077, 0.5760097858510582, -0.006135923151542565, 0.010737865515199488, 0.4970453053184504]","[0.0, 0.0, 0.0, 0.0, 0.0, 0.0]","[0.0, 0.022814, 0.547536, 0.022814, 0.022814, 0.022814]"
STATE_MOTOR,1243685.1799720898,"[-0.009970875121256667, 0.01380582709097077, 0.5760097858510582, -0.006135923151542565, 0.010737865515199488, 0.4970453053184504]","[0.0, 0.0, 0.0, 0.0, 0.0, 0.0]","[0.022814, 0.022814, 0.524722, 0.022814, 0.0, 0.022814]"
STATE_MOTOR,1263746.7009481043,"[-0.009970875121256667, 0.01380582709097077, 0.5760097858510582, -0.006135923151542565, 0.010737865515199488, 0.4970453053184504]","[0.0, 0.0, 0.0, 0.0, 0.0, 0.0]","[0.022814, 0.022814, 0.45628, 0.0, 0.022814, 0.022814]"
STATE_MOTOR,1283802.2329378873,"[-0.009970875121256667, 0.01380582709097077, 0.5760097858510582, -0.006135923151542565, 0.010737865515199488, 0.4970453053184504]","[0.0, 0.0, 0.0, 0.0, 0.0, 0.0]","[0.045628, 0.022814, 0.57035, 0.0, 0.022814, 0.0]"
STATE_MOTOR,1303863.102919422,"[-0.009970875121256667, 0.01380582709097077, 0.5760097858510582, -0.006135923151542565, 0.010737865515199488, 0.4970453053184504]","[0.0, 0.0, 0.0, 0.0, 0.0, 0.0]","[0.0, 0.022814, 0.410652, 0.022814, 0.022814, 0.022814]"
STATE_MOTOR,1323926.2870047241,"[-0.009970875121256667, 0.01380582709097077, 0.5760097858510582, -0.006135923151542565, 0.010737865515199488, 0.4970453053184504]","[0.0, 0.0, 0.0, 0.0, 0.0, 0.0]","[0.0, 0.022814, 0.45628, 0.0, 0.045628, 0.0]"
STATE_MOTOR,1343981.6189929843,"[-0.009970875121256667, 0.01380582709097077, 0.5760097858510582, -0.006135923151542565, 0.010737865515199488, 0.4970453053184504]","[0.0, 0.0, 0.0, 0.0, 0.0, 0.0]","[0.0, 0.022814, 0.45628, 0.0, 0.022814, 0.0]"
STATE_MOTOR,1364039.4539106637,"[-0.009970875121256667, 0.01380582709097077, 0.5760097858510582, -0.006135923151542565, 0.010737865515199488, 0.4970453053184504]","[0.0, 0.0, 0.0, 0.0, 0.0, 0.0]","[0.022814, 0.022814, 0.387838, 0.022814, 0.022814, 0.022814]"
STATE_MOTOR,1384095.205925405,"[-0.009970875121256667, 0.01380582709097077, 0.5760097858510582, -0.006135923151542565, 0.010737865515199488, 0.4970453053184504]","[0.0, 0.0, 0.0, 0.0, 0.0, 0.0]","[0.022814, 0.022814, 0.501908, 0.0, 0.022814, 0.0]"
STATE_MOTOR,1404153.5329306498,"[-0.009970875121256667, 0.01380582709097077, 0.5760097858510582, -0.006135923151542565, 0.010737865515199488, 0.4970453053184504]","[0.0, 0.0, 0.0, 0.0, 0.0, 0.0]","[0.022814, 0.022814, 0.501908, 0.0, 0.022814, 0.022814]"
STATE_MOTOR,1424213.6519169435,"[-0.009970875121256667, 0.01380582709097077, 0.5760097858510582, -0.006135923151542565, 0.010737865515199488, 0.4970453053184504]","[0.0, 0.0, 0.0, 0.0, 0.0, 0.0]","[0.022814, 0.022814, 0.410652, 0.022814, 0.022814, 0.0]"
STATE_MOTOR,1444269.6039332077,"[-0.009970875121256667, 0.01380582709097077, 0.5760097858510582, -0.006135923151542565, 0.010737865515199488, 0.4970453053184504]","[0.0, 0.0, 0.0, 0.0, 0.0, 0.0]","[0.022814, 0.022814, 0.547536, 0.022814, 0.045628, 0.0]"
STATE_MOTOR,1464326.5889026225,"[-0.009970875121256667, 0.01380582709097077, 0.5760097858510582, -0.006135923151542565, 0.010737865515199488, 0.4970453053184504]","[0.0, 0.0, 0.0, 0.0, 0.0, 0.0]","[0.022814, 0.022814, 0.524722, 0.022814, 0.022814, 0.022814]"
STATE_MOTOR,1484381.198999472,"[-0.009970875121256667, 0.01380582709097077, 0.5760097858510582, -0.006135923151542565, 0.010737865515199488, 0.4970453053184504]","[0.0, 0.0, 0.0, 0.0, 0.0, 0.0]","[0.022814, 0.022814, 0.45628, 0.0, 0.0, 0.022814]"
STATE_MOTOR,1504434.778005816,"[-0.009970875121256667, 0.01380582709097077, 0.5760097858510582, -0.006135923151542565, 0.010737865515199488, 0.4970453053184504]","[0.0, 0.0, 0.0, 0.0, 0.0, 0.0]","[0.022814, 0.022814, 0.410652, 0.0, 0.022814, 0.0]"
STATE_MOTOR,1524491.842952557,"[-0.009970875121256667, 0.01380582709097077, 0.5760097858510582, -0.006135923151542565, 0.010737865515199488, 0.4970453053184504]","[0.0, 0.0, 0.0, 0.0, 0.0, 0.0]","[0.022814, 0.022814, 0.387838, 0.0, 0.022814, 0.022814]"
STATE_MOTOR,1544555.2970049903,"[-0.009970875121256667, 0.01380582709097077, 0.5760097858510582, -0.006135923151542565, 0.010737865515199488, 0.4970453053184504]","[0.0, 0.0, 0.0, 0.0, 0.0, 0.0]","[0.022814, 0.022814, 0.45628, 0.022814, 0.022814, 0.0]"
STATE_MOTOR,1564613.7729054317,"[-0.009970875121256667, 0.01380582709097077, 0.5760097858510582, -0.006135923151542565, 0.010737865515199488, 0.4970453053184504]","[0.0, 0.0, 0.0, 0.0, 0.0, 0.0]","[0.022814, 0.0, 0.410652, 0.0, 0.022814, 0.0]"
STATE_MOTOR,1584672.4999137223,"[-0.009970875121256667, 0.01380582709097077, 0.5760097858510582, -0.006135923151542565, 0.010737865515199488, 0.4970453053184504]","[0.0, 0.0, 0.0, 0.0, 0.0, 0.0]","[0.022814, 0.022814, 0.433466, 0.022814, 0.0, 0.0]"
STATE_MOTOR,1604730.0349455327,"[-0.009970875121256667, 0.01380582709097077, 0.5760097858510582, -0.006135923151542565, 0.010737865515199488, 0.4970453053184504]","[0.0, 0.0, 0.0, 0.0, 0.0, 0.0]","[0.022814, 0.022814, 0.433466, 0.0, 0.022814, 0.022814]"
STATE_MOTOR,1624792.5469651818,"[-0.009970875121256667, 0.01380582709097077, 0.5760097858510582, -0.006135923151542565, 0.010737865515199488, 0.4970453053184504]","[0.0, 0.0, 0.0, 0.0, 0.0, 0.0]","[0.022814, 0.022814, 0.501908, 0.0, 0.022814, 0.0]"
STATE_MOTOR,1644850.0819969922,"[-0.009970875121256667, 0.01380582709097077, 0.5760097858510582, -0.006135923151542565, 0.010737865515199488, 0.4970453053184504]","[0.0, 0.0, 0.0, 0.0, 0.0, 0.0]","[0.022814, 0.022814, 0.524722, 0.022814, 0.022814, 0.0]"
STATE_MOTOR,1664907.4769811705,"[-0.009970875121256667, 0.01380582709097077, 0.5760097858510582, -0.006135923151542565, 0.010737865515199488, 0.4970453053184504]","[0.0, 0.0, 0.0, 0.0, 0.0, 0.0]","[0.022814, 0.022814, 0.547536, 0.022814, 0.022814, 0.022814]"
STATE_MOTOR,1684974.4259379804,"[-0.009970875121256667, 0.01380582709097077, 0.5760097858510582, -0.006135923151542565, 0.010737865515199488, 0.4970453053184504]","[0.0, 0.0, 0.0, 0.0, 0.0, 0.0]","[0.022814, 0.022814, 0.501908, 0.022814, 0.022814, 0.022814]"
STATE_MOTOR,1705034.5749594271,"[-0.009970875121256667, 0.01380582709097077, 0.5760097858510582, -0.006135923151542565, 0.010737865515199488, 0.4970453053184504]","[0.0, 0.0, 0.0, 0.0, 0.0, 0.0]","[0.022814, 0.022814, 0.524722, 0.022814, 0.022814, 0.0]"
STATE_MOTOR,1725095.9059456363,"[-0.009970875121256667, 0.01380582709097077, 0.5760097858510582, -0.006135923151542565, 0.010737865515199488, 0.4970453053184504]","[0.0, 0.0, 0.0, 0.0, 0.0, 0.0]","[0.022814, 0.022814, 0.45628, 0.0, 0.022814, 0.022814]"
STATE_MOTOR,1745153.040974401,"[-0.009970875121256667, 0.01380582709097077, 0.5760097858510582, -0.006135923151542565, 0.010737865515199488, 0.4970453053184504]","[0.0, 0.0, 0.0, 0.0, 0.0, 0.0]","[0.0, 0.045628, 0.433466, 0.0, 0.022814, 0.022814]"
STATE_MOTOR,1765211.4169904962,"[-0.009970875121256667, 0.01380582709097077, 0.5760097858510582, -0.006135923151542565, 0.010737865515199488, 0.4970453053184504]","[0.0, 0.0, 0.0, 0.0, 0.0, 0.0]","[0.022814, 0.022814, 0.547536, 0.0, 0.0, 0.022814]"
STATE_MOTOR,1785270.0339863077,"[-0.009970875121256667, 0.01380582709097077, 0.5760097858510582, -0.006135923151542565, 0.010737865515199488, 0.4970453053184504]","[0.0, 0.0, 0.0, 0.0, 0.0, 0.0]","[0.0, 0.022814, 0.387838, 0.022814, 0.022814, 0.0]"
STATE_MOTOR,1805326.1359455064,"[-0.009970875121256667, 0.01380582709097077, 0.5760097858510582, -0.006135923151542565, 0.010737865515199488, 0.4970453053184504]","[0.0, 0.0, 0.0, 0.0, 0.0, 0.0]","[0.022814, 0.022814, 0.387838, 0.0, 0.022814, 0.022814]"
STATE_MOTOR,1825383.5109062493,"[-0.009970875121256667, 0.01380582709097077, 0.5760097858510582, -0.006135923151542565, 0.010737865515199488, 0.4970453053184504]","[0.0, 0.0, 0.0, 0.0, 0.0, 0.0]","[0.022814, 0.022814, 0.387838, 0.022814, 0.022814, 0.022814]"
STATE_MOTOR,1845454.3959815055,"[-0.009970875121256667, 0.01380582709097077, 0.5760097858510582, -0.006135923151542565, 0.010737865515199488, 0.4970453053184504]","[0.0, 0.0, 0.0, 0.0, 0.0, 0.0]","[0.022814, 0.022814, 0.433466, 0.0, 0.022814, 0.0]"
STATE_MOTOR,1865520.4440001398,"[-0.009970875121256667, 0.01380582709097077, 0.5760097858510582, -0.006135923151542565, 0.010737865515199488, 0.4970453053184504]","[0.0, 0.0, 0.0, 0.0, 0.0, 0.0]","[0.022814, 0.022814, 0.45628, 0.022814, 0.022814, 0.0]"
STATE_MOTOR,1885558.5199780762,"[-0.009970875121256667, 0.01380582709097077, 0.5760097858510582, -0.006135923151542565, 0.010737865515199488, 0.4970453053184504]","[0.0, 0.0, 0.0, 0.0, 0.0, 0.0]","[0.0, 0.022814, 0.45628, 0.0, 0.022814, 0.0]"
STATE_MOTOR,1905621.682992205,"[-0.009970875121256667, 0.01380582709097077, 0.5760097858510582, -0.006135923151542565, 0.010737865515199488, 0.4970453053184504]","[0.0, 0.0, 0.0, 0.0, 0.0, 0.0]","[0.022814, 0.022814, 0.387838, 0.022814, 0.022814, 0.022814]"
STATE_MOTOR,1925680.399988778,"[-0.009970875121256667, 0.01380582709097077, 0.5760097858510582, -0.006135923151542565, 0.010737865515199488, 0.4970453053184504]","[0.0, 0.0, 0.0, 0.0, 0.0, 0.0]","[0.022814, 0.022814, 0.524722, 0.022814, 0.0, 0.0]"
STATE_MOTOR,1945740.6089641154,"[-0.009970875121256667, 0.01380582709097077, 0.5760097858510582, -0.006135923151542565, 0.010737865515199488, 0.4970453053184504]","[0.0, 0.0, 0.0, 0.0, 0.0, 0.0]","[0.0, 0.022814, 0.524722, 0.0, 0.0, 0.0]"
STATE_MOTOR,1965799.0359701216,"[-0.009970875121256667, 0.01380582709097077, 0.5760097858510582, -0.006135923151542565, 0.010737865515199488, 0.4970453053184504]","[0.0, 0.0, 0.0, 0.0, 0.0, 0.0]","[0.022814, 0.022814, 0.45628, 0.0, 0.022814, 0.0]"
STATE_MOTOR,1985857.5919643044,"[-0.009970875121256667, 0.01380582709097077, 0.5760097858510582, -0.006135923151542565, 0.010737865515199488, 0.4970453053184504]","[0.0, 0.0, 0.0, 0.0, 0.0, 0.0]","[0.022814, 0.022814, 0.410652, 0.0, 0.0, 0.022814]"
STATE_MOTOR,2005921.256961301,"[-0.009970875121256667, 0.01380582709097077, 0.5760097858510582, -0.006135923151542565, 0.010737865515199488, 0.4970453053184504]","[0.0, 0.0, 0.0, 0.0, 0.0, 0.0]","[0.0, 0.022814, 0.410652, 0.022814, 0.022814, 0.0]"
STATE_MOTOR,2026010.7689537108,"[-0.009970875121256667, 0.01380582709097077, 0.5760097858510582, -0.006135923151542565, 0.010737865515199488, 0.4970453053184504]","[0.0, 0.0, 0.0, 0.0, 0.0, 0.0]","[0.022814, 0.022814, 0.433466, 0.0, 0.022814, 0.022814]"
STATE_MOTOR,2046078.1489964575,"[-0.009970875121256667, 0.01380582709097077, 0.5760097858510582, -0.006135923151542565, 0.010737865515199488, 0.4970453053184504]","[0.0, 0.0, 0.0, 0.0, 0.0, 0.0]","[0.0, 0.022814, 0.45628, 0.0, 0.0, 0.0]"
STATE_MOTOR,2066136.4949773997,"[-0.009970875121256667, 0.01380582709097077, 0.5760097858510582, -0.006135923151542565, 0.010737865515199488, 0.4970453053184504]","[0.0, 0.0, 0.0, 0.0, 0.0, 0.0]","[0.022814, 0.022814, 0.479094, 0.0, 0.022814, 0.022814]"
STATE_MOTOR,2086194.2409537733,"[-0.009970875121256667, 0.01380582709097077, 0.5760097858510582, -0.006135923151542565, 0.010737865515199488, 0.4970453053184504]","[0.0, 0.0, 0.0, 0.0, 0.0, 0.0]","[0.022814, 0.0, 0.501908, 0.0, 0.022814, 0.022814]"
STATE_MOTOR,2106253.7590041757,"[-0.009970875121256667, 0.01380582709097077, 0.5760097858510582, -0.006135923151542565, 0.010737865515199488, 0.4970453053184504]","[0.0, 0.0, 0.0, 0.0, 0.0, 0.0]","[0.022814, 0.022814, 0.433466, 0.022814, 0.022814, 0.022814]"
STATE_MOTOR,2126314.468914643,"[-0.009970875121256667, 0.01380582709097077, 0.5760097858510582, -0.006135923151542565, 0.010737865515199488, 0.4970453053184504]","[0.0, 0.0, 0.0, 0.0, 0.0, 0.0]","[0.022814, 0.022814, 0.524722, 0.0, 0.022814, 0.022814]"
STATE_MOTOR,2146374.446921982,"[-0.009970875121256667, 0.01380582709097077, 0.5760097858510582, -0.006135923151542565, 0.010737865515199488, 0.4970453053184504]","[0.0, 0.0, 0.0, 0.0, 0.0, 0.0]","[0.022814, 0.022814, 0.501908, 0.022814, 0.022814, 0.0]"
STATE_MOTOR,2166432.432946749,"[-0.009970875121256667, 0.01380582709097077, 0.5760097858510582, -0.006135923151542565, 0.010737865515199488, 0.4970453053184504]","[0.0, 0.0, 0.0, 0.0, 0.0, 0.0]","[0.0, 0.022814, 0.433466, 0.022814, 0.022814, 0.0]"
STATE_MOTOR,2186508.204904385,"[-0.009970875121256667, 0.01380582709097077, 0.5760097858510582, -0.006135923151542565, 0.010737865515199488, 0.4970453053184504]","[0.0, 0.0, 0.0, 0.0, 0.0, 0.0]","[0.022814, 0.022814, 0.501908, 0.0, 0.0, 0.022814]"
STATE_MOTOR,2206530.377967283,"[-0.009970875121256667, 0.01380582709097077, 0.5760097858510582, -0.006135923151542565, 0.010737865515199488, 0.4970453053184504]","[0.0, 0.0, 0.0, 0.0, 0.0, 0.0]","[0.022814, 0.022814, 0.433466, 0.022814, 0.022814, 0.0]"
STATE_MOTOR,2226592.088933103,"[-0.009970875121256667, 0.01380582709097077, 0.5760097858510582, -0.006135923151542565, 0.010737865515199488, 0.4970453053184504]","[0.0, 0.0, 0.0, 0.0, 0.0, 0.0]","[0.022814, 0.0, 0.479094, 0.0, 0.0, 0.0]"
STATE_MOTOR,2246648.3919415623,"[-0.009970875121256667, 0.01380582709097077, 0.5760097858510582, -0.006135923151542565, 0.010737865515199488, 0.4970453053184504]","[0.0, 0.0, 0.0, 0.0, 0.0, 0.0]","[0.045628, 0.022814, 0.387838, 0.022814, 0.022814, 0.0]"
STATE_MOTOR,2266712.035983801,"[-0.009970875121256667, 0.01380582709097077, 0.5760097858510582, -0.006135923151542565, 0.010737865515199488, 0.4970453053184504]","[0.0, 0.0, 0.0, 0.0, 0.0, 0.0]","[0.022814, 0.0, 0.501908, 0.022814, 0.022814, 0.022814]"
STATE_MOTOR,2286770.632956177,"[-0.009970875121256667, 0.01380582709097077, 0.5760097858510582, -0.006135923151542565, 0.010737865515199488, 0.4970453053184504]","[0.0, 0.0, 0.0, 0.0, 0.0, 0.0]","[0.022814, 0.022814, 0.410652, 0.022814, 0.022814, 0.022814]"
STATE_MOTOR,2306832.7849032357,"[-0.009970875121256667, 0.01380582709097077, 0.5760097858510582, -0.006135923151542565, 0.010737865515199488, 0.4970453053184504]","[0.0, 0.0, 0.0, 0.0, 0.0, 0.0]","[0.022814, 0.0, 0.433466, 0.022814, 0.022814, 0.0]"
STATE_MOTOR,2326895.907986909,"[-0.009970875121256667, 0.01380582709097077, 0.5760097858510582, -0.006135923151542565, 0.010737865515199488, 0.4970453053184504]","[0.0, 0.0, 0.0, 0.0, 0.0, 0.0]","[0.022814, 0.022814, 0.479094, 0.0, 0.022814, 0.0]"
STATE_MOTOR,2346958.440961316,"[-0.009970875121256667, 0.01380582709097077, 0.5760097858510582, -0.006135923151542565, 0.010737865515199488, 0.4970453053184504]","[0.0, 0.0, 0.0, 0.0, 0.0, 0.0]","[0.0, 0.022814, 0.547536, 0.0, 0.022814, 0.0]"
STATE_MOTOR,2367022.5049136207,"[-0.009970875121256667, 0.01380582709097077, 0.5760097858510582, -0.006135923151542565, 0.010737865515199488, 0.4970453053184504]","[0.0, 0.0, 0.0, 0.0, 0.0, 0.0]","[0.022814, 0.022814, 0.501908, 0.022814, 0.022814, 0.022814]"
STATE_MOTOR,2387081.6529961303,"[-0.009970875121256667, 0.01380582709097077, 0.5760097858510582, -0.006135923151542565, 0.010737865515199488, 0.4970453053184504]","[0.0, 0.0, 0.0, 0.0, 0.0, 0.0]","[0.022814, 0.0, 0.45628, 0.022814, 0.0, 0.0]"
STATE_MOTOR,2407138.145994395,"[-0.009970875121256667, 0.01380582709097077, 0.5760097858510582, -0.006135923151542565, 0.010737865515199488, 0.4970453053184504]","[0.0, 0.0, 0.0, 0.0, 0.0, 0.0]","[0.022814, 0.022814, 0.410652, 0.0, 0.022814, 0.0]"
STATE_MOTOR,2427200.2679063007,"[-0.009970875121256667, 0.01380582709097077, 0.5760097858510582, -0.006135923151542565, 0.010737865515199488, 0.4970453053184504]","[0.0, 0.0, 0.0, 0.0, 0.0, 0.0]","[0.022814, 0.022814, 0.479094, 0.0, 0.022814, 0.022814]"
STATE_MOTOR,2447263.0309173837,"[-0.009970875121256667, 0.01380582709097077, 0.5760097858510582, -0.006135923151542565, 0.010737865515199488, 0.4970453053184504]","[0.0, 0.0, 0.0, 0.0, 0.0, 0.0]","[0.022814, 0.0, 0.524722, 0.022814, 0.022814, 0.0]"
STATE_MOTOR,2467320.685973391,"[-0.009970875121256667, 0.01380582709097077, 0.5760097858510582, -0.006135923151542565, 0.010737865515199488, 0.4970453053184504]","[0.0, 0.0, 0.0, 0.0, 0.0, 0.0]","[0.022814, 0.0, 0.547536, 0.0, 0.0, 0.0]"
STATE_MOTOR,2487380.484933965,"[-0.009970875121256667, 0.01380582709097077, 0.5760097858510582, -0.006135923151542565, 0.010737865515199488, 0.4970453053184504]","[0.0, 0.0, 0.0, 0.0, 0.0, 0.0]","[0.0, 0.0, 0.410652, 0.0, 0.0, 0.022814]"
STATE_MOTOR,2507438.3799219504,"[-0.009970875121256667, 0.01380582709097077, 0.5760097858510582, -0.006135923151542565, 0.010737865515199488, 0.4970453053184504]","[0.0, 0.0, 0.0, 0.0, 0.0, 0.0]","[0.0, 0.0, 0.45628, 0.022814, 0.022814, 0.022814]"
STATE_MOTOR,2527496.7569857836,"[-0.009970875121256667, 0.01380582709097077, 0.5760097858510582, -0.006135923151542565, 0.010737865515199488, 0.4970453053184504]","[0.0, 0.0, 0.0, 0.0, 0.0, 0.0]","[0.0, 0.0, 0.410652, 0.0, 0.022814, 0.022814]"
STATE_MOTOR,2547554.292017594,"[-0.009970875121256667, 0.01380582709097077, 0.5760097858510582, -0.006135923151542565, 0.010737865515199488, 0.4970453053184504]","[0.0, 0.0, 0.0, 0.0, 0.0, 0.0]","[0.022814, 0.0, 0.410652, 0.0, 0.022814, 0.022814]"
STATE_MOTOR,2567612.0369462296,"[-0.009970875121256667, 0.01380582709097077, 0.5760097858510582, -0.006135923151542565, 0.010737865515199488, 0.4970453053184504]","[0.0, 0.0, 0.0, 0.0, 0.0, 0.0]","[0.022814, 0.0, 0.547536, 0.0, 0.022814, 0.0]"
STATE_MOTOR,2587667.3489110544,"[-0.009970875121256667, 0.01380582709097077, 0.5760097858510582, -0.006135923151542565, 0.010737865515199488, 0.4970453053184504]","[0.0, 0.0, 0.0, 0.0, 0.0, 0.0]","[0.022814, 0.0, 0.501908, 0.022814, 0.022814, 0.0]"
STATE_MOTOR,2607725.4249248654,"[-0.009970875121256667, 0.01380582709097077, 0.5760097858510582, -0.006135923151542565, 0.010737865515199488, 0.4970453053184504]","[0.0, 0.0, 0.0, 0.0, 0.0, 0.0]","[0.022814, 0.0, 0.410652, 0.0, 0.022814, 0.0]"
STATE_MOTOR,2627781.947958283,"[-0.009970875121256667, 0.01380582709097077, 0.5760097858510582, -0.006135923151542565, 0.010737865515199488, 0.4970453053184504]","[0.0, 0.0, 0.0, 0.0, 0.0, 0.0]","[0.022814, 0.0, 0.387838, 0.0, 0.022814, 0.0]"
STATE_MOTOR,2647841.0459822044,"[-0.009970875121256667, 0.015339807878856412, 0.5760097858510582, -0.006135923151542565, 0.010737865515199488, 0.4970453053184504]","[0.0, 0.07669903939428206, 0.0, 0.0, 0.0, 0.0]","[0.022814, 0.0, 0.410652, 0.0, 0.0, 0.0]"
STATE_MOTOR,2667904.599918984,"[-0.009970875121256667, 0.019941750242513333, 0.5760097858510582, -0.006135923151542565, 0.010737865515199488, 0.4970453053184504]","[0.0, 0.23009711818284617, 0.0, 0.0, 0.0, 0.0]","[0.0, 0.0, 0.410652, 0.0, 0.022814, 0.022814]"
STATE_MOTOR,2687964.7589521483,"[-0.009970875121256667, 0.023009711818284616, 0.5760097858510582, -0.006135923151542565, 0.010737865515199488, 0.4970453053184504]","[0.0, 0.15339807878856412, 0.0, 0.0, 0.0, 0.0]","[0.022814, 0.022814, 0.387838, 0.0, 0.022814, 0.0]"
STATE_MOTOR,2708022.2140066326,"[-0.009970875121256667, 0.02454369260617026, 0.5760097858510582, -0.006135923151542565, 0.010737865515199488, 0.4970453053184504]","[0.0, 0.07669903939428206, 0.0, 0.0, 0.0, 0.0]","[0.022814, 0.022814, 0.547536, 0.0, 0.022814, 0.0]"
STATE_MOTOR,2728077.4449463934,"[-0.009970875121256667, 0.026077673394055898, 0.5760097858510582, -0.006135923151542565, 0.010737865515199488, 0.4970453053184504]","[0.0, 0.07669903939428206, 0.0, 0.0, 0.0, 0.0]","[0.022814, 0.0, 0.410652, 0.022814, 0.0, 0.0]"
STATE_MOTOR,2748135.3209586814,"[-0.009970875121256667, 0.026077673394055898, 0.5760097858510582, -0.006135923151542565, 0.010737865515199488, 0.4970453053184504]","[0.0, 0.0, 0.0, 0.0, 0.0, 0.0]","[0.022814, 0.0, 0.410652, 0.022814, 0.022814, 0.022814]"
STATE_MOTOR,2768192.576011643,"[-0.009970875121256667, 0.026077673394055898, 0.5760097858510582, -0.006135923151542565, 0.010737865515199488, 0.4970453053184504]","[0.0, 0.0, 0.0, 0.0, 0.0, 0.0]","[0.0, 0.0, 0.433466, 0.022814, 0.022814, 0.0]"
STATE_MOTOR,2788255.2379742265,"[-0.009970875121256667, 0.026077673394055898, 0.5760097858510582, -0.006135923151542565, 0.010737865515199488, 0.4970453053184504]","[0.0, 0.0, 0.0, 0.0, 0.0, 0.0]","[0.0, 0.0, 0.410652, 0.0, 0.022814, 0.0]"
STATE_MOTOR,2808312.762994319,"[-0.008436894333371026, 0.02454369260617026, 0.5760097858510582, -0.006135923151542565, 0.010737865515199488, 0.4970453053184504]","[0.07669903939428206, 0.0, 0.0, 0.0, 0.0, 0.0]","[0.022814, 0.0, 0.524722, 0.022814, 0.022814, 0.022814]"
STATE_MOTOR,2828369.4769488648,"[-0.008436894333371026, 0.02454369260617026, 0.5760097858510582, -0.006135923151542565, 0.010737865515199488, 0.4970453053184504]","[0.0, -0.07669903939428206, 0.0, 0.0, 0.0, 0.0]","[0.0, 0.0, 0.410652, 0.022814, 0.022814, 0.0]"
STATE_MOTOR,2848431.5189998597,"[-0.008436894333371026, 0.026077673394055898, 0.5760097858510582, -0.006135923151542565, 0.010737865515199488, 0.4970453053184504]","[0.0, 0.0, 0.0, 0.0, 0.0, 0.0]","[0.0, 0.0, 0.524722, 0.0, 0.022814, 0.0]"
STATE_MOTOR,2868489.944958128,"[-0.008436894333371026, 0.030679615757712823, 0.5760097858510582, -0.006135923151542565, 0.010737865515199488, 0.4970453053184504]","[0.0, 0.30679615757712825, 0.0, 0.0, 0.0, 0.0]","[0.022814, 0.0, 0.479094, 0.022814, 0.0, 0.022814]"
STATE_MOTOR,2888547.119917348,"[-0.008436894333371026, 0.035281558121369745, 0.5760097858510582, -0.006135923151542565, 0.010737865515199488, 0.4970453053184504]","[0.0, 0.15339807878856412, 0.0, 0.0, 0.0, 0.0]","[0.0, 0.0, 0.524722, 0.0, 0.022814, 0.0]"
STATE_MOTOR,2908603.662974201,"[-0.008436894333371026, 0.03834951969714103, 0.5760097858510582, -0.006135923151542565, 0.010737865515199488, 0.4970453053184504]","[0.0, 0.23009711818284617, 0.0, 0.0, 0.0, 0.0]","[0.022814, 0.045628, 0.524722, 0.022814, 0.022814, 0.0]"
STATE_MOTOR,2928659.0449046344,"[-0.008436894333371026, 0.04141748127291231, 0.5760097858510582, -0.006135923151542565, 0.010737865515199488, 0.4970453053184504]","[0.0, 0.15339807878856412, 0.0, 0.0, 0.0, 0.0]","[0.0, 0.022814, 0.45628, 0.0, 0.022814, 0.022814]"
STATE_MOTOR,2948717.5620160997,"[-0.008436894333371026, 0.04141748127291231, 0.5760097858510582, -0.006135923151542565, 0.010737865515199488, 0.4970453053184504]","[0.0, 0.0, 0.0, 0.0, 0.0, 0.0]","[0.022814, 0.022814, 0.479094, 0.022814, 0.022814, 0.0]"
STATE_MOTOR,2968772.8229910135,"[-0.008436894333371026, 0.04141748127291231, 0.5760097858510582, -0.006135923151542565, 0.010737865515199488, 0.4970453053184504]","[0.0, 0.0, 0.0, 0.0, 0.0, 0.0]","[0.022814, 0.0, 0.410652, 0.0, 0.022814, 0.022814]"
STATE_MOTOR,2988829.9679150805,"[-0.008436894333371026, 0.04141748127291231, 0.5760097858510582, -0.006135923151542565, 0.010737865515199488, 0.4970453053184504]","[0.0, 0.0, 0.0, 0.0, 0.0, 0.0]","[0.022814, 0.0, 0.410652, 0.0, 0.0, 0.022814]"
STATE_MOTOR,3008891.0579215735,"[-0.008436894333371026, 0.04141748127291231, 0.5760097858510582, -0.006135923151542565, 0.010737865515199488, 0.4970453053184504]","[0.0, 0.0, 0.0, 0.0, 0.0, 0.0]","[0.022814, 0.0, 0.410652, 0.0, 0.0, 0.022814]"
STATE_MOTOR,3029002.3930137977,"[-0.008436894333371026, 0.04141748127291231, 0.5760097858510582, -0.006135923151542565, 0.010737865515199488, 0.4970453053184504]","[0.0, 0.0, 0.0, 0.0, 0.0, 0.0]","[0.022814, 0.0, 0.410652, 0.022814, 0.022814, 0.0]"
STATE_MOTOR,3049061.961006373,"[-0.008436894333371026, 0.04141748127291231, 0.5760097858510582, -0.006135923151542565, 0.010737865515199488, 0.4970453053184504]","[0.0, 0.0, 0.0, 0.0, 0.0, 0.0]","[0.022814, 0.0, 0.410652, 0.022814, 0.022814, 0.022814]"
STATE_MOTOR,3069123.7829159945,"[-0.008436894333371026, 0.04141748127291231, 0.5760097858510582, -0.006135923151542565, 0.010737865515199488, 0.4970453053184504]","[0.0, 0.0, 0.0, 0.0, 0.0, 0.0]","[0.022814, 0.0, 0.501908, 0.0, 0.022814, 0.0]"
STATE_MOTOR,3089182.549971156,"[-0.008436894333371026, 0.04141748127291231, 0.5760097858510582, -0.006135923151542565, 0.010737865515199488, 0.4970453053184504]","[0.0, 0.0, 0.0, 0.0, 0.0, 0.0]","[0.022814, 0.0, 0.501908, 0.022814, 0.022814, 0.022814]"
STATE_MOTOR,3109241.816913709,"[-0.008436894333371026, 0.044485442848683596, 0.5760097858510582, -0.006135923151542565, 0.010737865515199488, 0.4970453053184504]","[0.0, 0.15339807878856412, 0.0, 0.0, 0.0, 0.0]","[0.022814, 0.0, 0.479094, 0.0, 0.022814, 0.022814]"
STATE_MOTOR,3129305.340931751,"[-0.008436894333371026, 0.047553404424454875, 0.5760097858510582, -0.006135923151542565, 0.010737865515199488, 0.4970453053184504]","[0.0, 0.15339807878856412, 0.0, 0.0, 0.0, 0.0]","[0.022814, 0.0, 0.387838, 0.0, 0.022814, 0.0]"
STATE_MOTOR,3149360.904004425,"[-0.008436894333371026, 0.05062136600022616, 0.5760097858510582, -0.006135923151542565, 0.010737865515199488, 0.4970453053184504]","[0.0, 0.15339807878856412, 0.0, 0.0, 0.0, 0.0]","[0.022814, 0.0, 0.524722, 0.0, 0.022814, 0.0]"
