type,timestamp,positions,velocities,torques
STATE_MOTOR,4.988047294318676,"[-0.011504855909142308, 0.0046019423636569235, 0.572941824275287, -0.006135923151542565, 0.009203884727313847, 0.49573210768220616]","[0.0, 0.0, 0.0, 0.0, 0.0, 0.0]","[0.022814, 0.0, 0.387838, 0.022814, 0.0, 0.0]"
STATE_MOTOR,20078.06394249201,"[-0.011504855909142308, 0.0046019423636569235, 0.572941824275287, -0.006135923151542565, 0.009203884727313847, 0.49573210768220616]","[0.0, 0.0, 0.0, 0.0, 0.0, 0.0]","[0.0, 0.0, 0.45628, 0.0, 0.022814, 0.0]"
STATE_MOTOR,40134.334936738014,"[-0.011504855909142308, 0.0046019423636569235, 0.572941824275287, -0.006135923151542565, 0.009203884727313847, 0.49573210768220616]","[0.0, 0.0, 0.0, 0.0, 0.0, 0.0]","[0.022814, 0.0, 0.501908, 0.022814, 0.0, 0.0]"
STATE_MOTOR,60194.25194244832,"[-0.011504855909142308, 0.0046019423636569235, 0.572941824275287, -0.006135923151542565, 0.009203884727313847, 0.49573210768220616]","[0.0, 0.0, 0.0, 0.0, 0.0, 0.0]","[0.022814, 0.022814, 0.387838, 0.0, 0.022814, 0.022814]"
STATE_MOTOR,80252.24599987268,"[-0.011504855909142308, 0.0046019423636569235, 0.572941824275287, -0.006135923151542565, 0.009203884727313847, 0.49573210768220616]","[0.0, 0.0, 0.0, 0.0, 0.0, 0.0]","[0.022814, 0.0, 0.365024, 0.022814, 0.022814, 0.022814]"
STATE_MOTOR,100323.11896793544,"[-0.011504855909142308, 0.0046019423636569235, 0.572941824275287, -0.006135923151542565, 0.009203884727313847, 0.49573210768220616]","[0.0, 0.0, 0.0, 0.0, 0.0, 0.0]","[0.022814, 0.0, 0.387838, 0.022814, 0.022814, 0.022814]"
STATE_MOTOR,120382.38497916609,"[-0.011504855909142308, 0.0046019423636569235, 0.572941824275287, -0.006135923151542565, 0.009203884727313847, 0.49573210768220616]","[0.0, 0.0, 0.0, 0.0, 0.0, 0.0]","[0.022814, 0.022814, 0.387838, 0.0, 0.0, 0.022814]"
STATE_MOTOR,140441.7409794405,"[-0.011504855909142308, 0.0046019423636569235, 0.572941824275287, -0.006135923151542565, 0.009203884727313847, 0.49573210768220616]","[0.0, 0.0, 0.0, 0.0, 0.0, 0.0]","[0.022814, 0.0, 0.479094, 0.022814, 0.022814, 0.022814]"
STATE_MOTOR,160502.6989709586,"[-0.011504855909142308, 0.0046019423636569235, 0.572941824275287, -0.006135923151542565, 0.009203884727313847, 0.49573210768220616]","[0.0, 0.0, 0.0, 0.0, 0.0, 0.0]","[0.045628, 0.0, 0.387838, 0.0, 0.022814, 0.022814]"
STATE_MOTOR,180560.9529837966,"[-0.011504855909142308, 0.0046019423636569235, 0.572941824275287, -0.006135923151542565, 0.009203884727313847, 0.49573210768220616]","[0.0, 0.0, 0.0, 0.0, 0.0, 0.0]","[0.0, 0.0, 0.365024, 0.022814, 0.022814, 0.022814]"
STATE_MOTOR,200624.48596581817,"[-0.011504855909142308, 0.0046019423636569235, 0.572941824275287, -0.006135923151542565, 0.009203884727313847, 0.49573210768220616]","[0.0, 0.0, 0.0, 0.0, 0.0, 0.0]","[0.022814, 0.0, 0.387838, 0.022814, 0.022814, 0.022814]"
STATE_MOTOR,220684.73300896585,"[-0.011504855909142308, 0.0046019423636569235, 0.572941824275287, -0.006135923151542565, 0.009203884727313847, 0.49573210768220616]","[0.0, 0.0, 0.0, 0.0, 0.0, 0.0]","[0.022814, 0.0, 0.387838, 0.0, 0.0, 0.022814]"
STATE_MOTOR,240743.13696473837,"[-0.011504855909142308, 0.0046019423636569235, 0.572941824275287, -0.006135923151542565, 0.009203884727313847, 0.49573210768220616]","[0.0, 0.0, 0.0, 0.0, 0.0, 0.0]","[0.022814, 0.0, 0.524722, 0.0, 0.022814, 0.022814]"
STATE_MOTOR,260803.90496645123,"[-0.011504855909142308, 0.0046019423636569235, 0.572941824275287, -0.006135923151542565, 0.009203884727313847, 0.49573210768220616]","[0.0, 0.0, 0.0, 0.0, 0.0, 0.0]","[0.022814, 0.022814, 0.501908, 0.0, 0.0, 0.0]"
STATE_MOTOR,280869.0000092611,"[-0.011504855909142308, 0.0046019423636569235, 0.572941824275287, -0.006135923151542565, 0.009203884727313847, 0.49573210768220616]","[0.0, 0.0, 0.0, 0.0, 0.0, 0.0]","[0.022814, 0.0, 0.45628, 0.0, 0.022814, 0.022814]"
STATE_MOTOR,300930.82902021706,"[-0.011504855909142308, 0.0046019423636569235, 0.572941824275287, -0.006135923151542565, 0.009203884727313847, 0.49573210768220616]","[0.0, 0.0, 0.0, 0.0, 0.0, 0.0]","[0.022814, 0.0, 0.387838, 0.0, 0.022814, 0.022814]"
STATE_MOTOR,320992.29795858264,"[-0.011504855909142308, 0.0046019423636569235, 0.572941824275287, -0.006135923151542565, 0.009203884727313847, 0.49573210768220616]","[0.0, 0.0, 0.0, 0.0, 0.0, 0.0]","[0.022814, 0.022814, 0.387838, 0.0, 0.0, 0.022814]"
STATE_MOTOR,341049.95196685195,"[-0.011504855909142308, 0.0046019423636569235, 0.572941824275287, -0.006135923151542565, 0.009203884727313847, 0.49573210768220616]","[0.0, 0.0, 0.0, 0.0, 0.0, 0.0]","[0.022814, 0.0, 0.365024, 0.022814, 0.0, 0.022814]"
STATE_MOTOR,361115.206964314,"[-0.011504855909142308, 0.0046019423636569235, 0.572941824275287, -0.006135923151542565, 0.009203884727313847, 0.49573210768220616]","[0.0, 0.0, 0.0, 0.0, 0.0, 0.0]","[0.022814, 0.022814, 0.365024, 0.0, 0.022814, 0.0]"
STATE_MOTOR,381173.6509669572,"[-0.011504855909142308, 0.0046019423636569235, 0.572941824275287, -0.006135923151542565, 0.009203884727313847, 0.49573210768220616]","[0.0, 0.0, 0.0, 0.0, 0.0, 0.0]","[0.022814, 0.0, 0.410652, 0.022814, 0.0, 0.0]"
STATE_MOTOR,401234.46902725846,"[-0.011504855909142308, 0.0046019423636569235, 0.572941824275287, -0.006135923151542565, 0.009203884727313847, 0.49573210768220616]","[0.0, 0.0, 0.0, 0.0, 0.0, 0.0]","[0.022814, 0.0, 0.45628, 0.0, 0.022814, 0.0]"
STATE_MOTOR,421294.74703688174,"[-0.011504855909142308, 0.0046019423636569235, 0.572941824275287, -0.006135923151542565, 0.009203884727313847, 0.49573210768220616]","[0.0, 0.0, 0.0, 0.0, 0.0, 0.0]","[0.022814, 0.0, 0.501908, 0.022814, 0.022814, 0.0]"
STATE_MOTOR,441351.3280451298,"[-0.011504855909142308, 0.0046019423636569235, 0.572941824275287, -0.006135923151542565, 0.009203884727313847, 0.49573210768220616]","[0.0, 0.0, 0.0, 0.0, 0.0, 0.0]","[0.022814, 0.0, 0.387838, 0.022814, 0.022814, 0.022814]"
STATE_MOTOR,461418.54603774846,"[-0.011504855909142308, 0.0046019423636569235, 0.572941824275287, -0.006135923151542565, 0.009203884727313847, 0.49573210768220616]","[0.0, 0.0, 0.0, 0.0, 0.0, 0.0]","[0.022814, 0.0, 0.501908, 0.0, 0.0, 0.0]"
STATE_MOTOR,481483.6500445381,"[-0.011504855909142308, 0.0046019423636569235, 0.572941824275287, -0.006135923151542565, 0.009203884727313847, 0.49573210768220616]","[0.0, 0.0, 0.0, 0.0, 0.0, 0.0]","[0.022814, 0.0, 0.387838, 0.022814, 0.0, 0.022814]"
STATE_MOTOR,501548.5149342567,"[-0.009970875121256667, 0.0046019423636569235, 0.572941824275287, -0.006135923151542565, 0.009203884727313847, 0.49573210768220616]","[0.0, 0.0, 0.0, 0.0, 0.0, 0.0]","[0.022814, 0.0, 0.387838, 0.022814, 0.022814, 0.0]"
STATE_MOTOR,521609.23299379647,"[-0.009970875121256667, 0.0046019423636569235, 0.572941824275287, -0.006135923151542565, 0.009203884727313847, 0.49573210768220616]","[0.07669903939428206, 0.0, 0.0, 0.0, 0.0, 0.0]","[0.022814, 0.0, 0.365024, 0.022814, 0.022814, 0.022814]"
STATE_MOTOR,541669.589933008,"[-0.009970875121256667, 0.0046019423636569235, 0.572941824275287, -0.006135923151542565, 0.009203884727313847, 0.49573210768220616]","[0.0, 0.0, 0.0, 0.0, 0.0, 0.0]","[0.022814, 0.022814, 0.365024, 0.0, 0.022814, 0.0]"
STATE_MOTOR,561738.8009559363,"[-0.009970875121256667, 0.0046019423636569235, 0.572941824275287, -0.006135923151542565, 0.009203884727313847, 0.49573210768220616]","[0.0, 0.0, 0.0, 0.0, 0.0, 0.0]","[0.022814, 0.022814, 0.433466, 0.0, 0.022814, 0.022814]"
STATE_MOTOR,581811.0459949821,"[-0.009970875121256667, 0.0046019423636569235, 0.572941824275287, -0.006135923151542565, 0.009203884727313847, 0.49573210768220616]","[0.0, 0.0, 0.0, 0.0, 0.0, 0.0]","[0.022814, 0.022814, 0.387838, 0.022814, 0.022814, 0.0]"
STATE_MOTOR,601876.2709572911,"[-0.009970875121256667, 0.0046019423636569235, 0.572941824275287, -0.006135923151542565, 0.009203884727313847, 0.49573210768220616]","[0.0, 0.0, 0.0, 0.0, 0.0, 0.0]","[0.022814, 0.0, 0.45628, 0.022814, 0.0, 0.022814]"
STATE_MOTOR,621935.3559426963,"[-0.009970875121256667, 0.0046019423636569235, 0.572941824275287, -0.006135923151542565, 0.009203884727313847, 0.49573210768220616]","[0.0, 0.0, 0.0, 0.0, 0.0, 0.0]","[0.0, 0.0, 0.387838, 0.0, 0.022814, 0.0]"
STATE_MOTOR,641992.3789799213,"[-0.009970875121256667, 0.0046019423636569235, 0.572941824275287, -0.006135923151542565, 0.009203884727313847, 0.49573210768220616]","[0.0, 0.0, 0.0, 0.0, 0.0, 0.0]","[0.022814, 0.022814, 0.387838, 0.022814, 0.022814, 0.022814]"
STATE_MOTOR,662053.8169518113,"[-0.009970875121256667, 0.0046019423636569235, 0.572941824275287, -0.006135923151542565, 0.009203884727313847, 0.49573210768220616]","[0.0, 0.0, 0.0, 0.0, 0.0, 0.0]","[0.0, 0.022814, 0.479094, 0.0, 0.0, 0.022814]"
STATE_MOTOR,682109.9889930338,"[-0.009970875121256667, 0.0046019423636569235, 0.572941824275287, -0.006135923151542565, 0.009203884727313847, 0.49573210768220616]","[0.0, 0.0, 0.0, 0.0, 0.0, 0.0]","[0.0, 0.0, 0.410652, 0.022814, 0.0, 0.022814]"
STATE_MOTOR,702174.1819335148,"[-0.009970875121256667, 0.0046019423636569235, 0.572941824275287, -0.006135923151542565, 0.009203884727313847, 0.49573210768220616]","[0.0, 0.0, 0.0, 0.0, 0.0, 0.0]","[0.022814, 0.0, 0.387838, 0.022814, 0.022814, 0.022814]"
STATE_MOTOR,722232.7969502658,"[-0.009970875121256667, 0.0046019423636569235, 0.572941824275287, -0.006135923151542565, 0.009203884727313847, 0.49573210768220616]","[0.0, 0.0, 0.0, 0.0, 0.0, 0.0]","[0.022814, 0.0, 0.387838, 0.022814, 0.0, 0.022814]"
STATE_MOTOR,742289.4689952955,"[-0.009970875121256667, 0.0046019423636569235, 0.572941824275287, -0.006135923151542565, 0.009203884727313847, 0.49573210768220616]","[0.0, 0.0, 0.0, 0.0, 0.0, 0.0]","[0.022814, 0.0, 0.45628, 0.022814, 0.0, 0.022814]"
STATE_MOTOR,762349.5259322226,"[-0.009970875121256667, 0.0046019423636569235, 0.572941824275287, -0.006135923151542565, 0.009203884727313847, 0.49573210768220616]","[0.0, 0.0, 0.0, 0.0, 0.0, 0.0]","[0.022814, 0.022814, 0.433466, 0.022814, 0.022814, 0.022814]"
STATE_MOTOR,782406.0269631445,"[-0.009970875121256667, 0.0046019423636569235, 0.572941824275287, -0.006135923151542565, 0.009203884727313847, 0.49573210768220616]","[0.0, 0.0, 0.0, 0.0, 0.0, 0.0]","[0.0, 0.0, 0.433466, 0.022814, 0.0, 0.022814]"
STATE_MOTOR,802469.9699599296,"[-0.009970875121256667, 0.0046019423636569235, 0.572941824275287, -0.006135923151542565, 0.009203884727313847, 0.49573210768220616]","[0.0, 0.0, 0.0, 0.0, 0.0, 0.0]","[0.0, 0.0, 0.501908, 0.022814, 0.022814, 0.022814]"
STATE_MOTOR,822530.3569342941,"[-0.009970875121256667, 0.0046019423636569235, 0.572941824275287, -0.006135923151542565, 0.009203884727313847, 0.49573210768220616]","[0.0, 0.0, 0.0, 0.0, 0.0, 0.0]","[0.022814, 0.0, 0.410652, 0.022814, 0.022814, 0.0]"
STATE_MOTOR,842590.8050267026,"[-0.009970875121256667, 0.0046019423636569235, 0.572941824275287, -0.006135923151542565, 0.009203884727313847, 0.49573210768220616]","[0.0, 0.0, 0.0, 0.0, 0.0, 0.0]","[0.022814, 0.0, 0.410652, 0.0, 0.022814, 0.022814]"
STATE_MOTOR,862658.2430442795,"[-0.009970875121256667, 0.0046019423636569235, 0.572941824275287, -0.006135923151542565, 0.009203884727313847, 0.49573210768220616]","[0.0, 0.0, 0.0, 0.0, 0.0, 0.0]","[0.022814, 0.0, 0.479094, 0.022814, 0.022814, 0.0]"
STATE_MOTOR,882715.8759813756,"[-0.009970875121256667, 0.0046019423636569235, 0.572941824275287, -0.006135923151542565, 0.009203884727313847, 0.49573210768220616]","[0.0, 0.0, 0.0, 0.0, 0.0, 0.0]","[0.022814, 0.0, 0.433466, 0.0, 0.0, 0.0]"
STATE_MOTOR,902780.5300429463,"[-0.009970875121256667, 0.0046019423636569235, 0.572941824275287, -0.006135923151542565, 0.009203884727313847, 0.49573210768220616]","[0.0, 0.0, 0.0, 0.0, 0.0, 0.0]","[0.022814, 0.0, 0.365024, 0.0, 0.022814, 0.0]"
STATE_MOTOR,922837.0320051908,"[-0.009970875121256667, 0.0046019423636569235, 0.572941824275287, -0.006135923151542565, 0.009203884727313847, 0.49573210768220616]","[0.0, 0.0, 0.0, 0.0, 0.0, 0.0]","[0.022814, 0.0, 0.387838, 0.022814, 0.022814, 0.0]"
STATE_MOTOR,942892.3019440845,"[-0.009970875121256667, 0.0046019423636569235, 0.572941824275287, -0.006135923151542565, 0.009203884727313847, 0.49573210768220616]","[0.0, 0.0, 0.0, 0.0, 0.0, 0.0]","[0.0, 0.0, 0.365024, 0.022814, 0.022814, 0.0]"
STATE_MOTOR,962955.2130354568,"[-0.009970875121256667, 0.0046019423636569235, 0.572941824275287, -0.006135923151542565, 0.009203884727313847, 0.49573210768220616]","[0.0, 0.0, 0.0, 0.0, 0.0, 0.0]","[0.022814, 0.022814, 0.501908, 0.022814, 0.022814, 0.022814]"
STATE_MOTOR,983015.7810356468,"[-0.009970875121256667, 0.0046019423636569235, 0.572941824275287, -0.006135923151542565, 0.009203884727313847, 0.49573210768220616]","[0.0, 0.0, 0.0, 0.0, 0.0, 0.0]","[0.022814, 0.0, 0.524722, 0.022814, 0.022814, 0.0]"
STATE_MOTOR,1003081.1049509794,"[-0.009970875121256667, 0.0046019423636569235, 0.572941824275287, -0.006135923151542565, 0.009203884727313847, 0.49573210768220616]","[0.0, 0.0, 0.0, 0.0, 0.0, 0.0]","[0.022814, 0.0, 0.501908, 0.022814, 0.022814, 0.022814]"
STATE_MOTOR,1023164.5469320938,"[-0.009970875121256667, 0.0046019423636569235, 0.572941824275287, -0.006135923151542565, 0.009203884727313847, 0.49573210768220616]","[0.0, 0.0, 0.0, 0.0, 0.0, 0.0]","[0.0, 0.0, 0.410652, 0.022814, 0.022814, 0.022814]"
STATE_MOTOR,1043223.0519363657,"[-0.009970875121256667, 0.0046019423636569235, 0.572941824275287, -0.006135923151542565, 0.009203884727313847, 0.49573210768220616]","[0.0, 0.0, 0.0, 0.0, 0.0, 0.0]","[0.022814, 0.0, 0.479094, 0.0, 0.0, 0.022814]"
STATE_MOTOR,1063285.8730386943,"[-0.009970875121256667, 0.0046019423636569235, 0.572941824275287, -0.006135923151542565, 0.009203884727313847, 0.49573210768220616]","[0.0, 0.0, 0.0, 0.0, 0.0, 0.0]","[0.022814, 0.0, 0.387838, 0.0, 0.022814, 0.022814]"
STATE_MOTOR,1083345.268969424,"[-0.009970875121256667, 0.0046019423636569235, 0.572941824275287, -0.006135923151542565, 0.009203884727313847, 0.49573210768220616]","[0.0, 0.0, 0.0, 0.0, 0.0, 0.0]","[0.022814, 0.0, 0.365024, 0.022814, 0.022814, 0.022814]"
STATE_MOTOR,1103401.3900207356,"[-0.009970875121256667, 0.0046019423636569235, 0.572941824275287, -0.006135923151542565, 0.009203884727313847, 0.49573210768220616]","[0.0, 0.0, 0.0, 0.0, 0.0, 0.0]","[0.022814, 0.022814, 0.365024, 0.0, 0.0, 0.0]"
STATE_MOTOR,1123460.4950295761,"[-0.009970875121256667, 0.0046019423636569235, 0.572941824275287, -0.006135923151542565, 0.009203884727313847, 0.49573210768220616]","[0.0, 0.0, 0.0, 0.0, 0.0, 0.0]","[0.022814, 0.0, 0.45628, 0.022814, 0.022814, 0.022814]"
STATE_MOTOR,1143520.5220477656,"[-0.009970875121256667, 0.0046019423636569235, 0.572941824275287, -0.006135923151542565, 0.009203884727313847, 0.49573210768220616]","[0.0, 0.0, 0.0, 0.0, 0.0, 0.0]","[0.0, 0.022814, 0.365024, 0.022814, 0.022814, 0.022814]"
STATE_MOTOR,1163580.4290417582,"[-0.009970875121256667, 0.0046019423636569235, 0.572941824275287, -0.006135923151542565, 0.009203884727313847, 0.49573210768220616]","[0.0, 0.0, 0.0, 0.0, 0.0, 0.0]","[0.0, 0.0, 0.387838, 0.022814, 0.0, 0.0]"
STATE_MOTOR,1183641.3269629702,"[-0.009970875121256667, 0.0046019423636569235, 0.572941824275287, -0.006135923151542565, 0.009203884727313847, 0.49573210768220616]","[0.0, 0.0, 0.0, 0.0, 0.0, 0.0]","[0.022814, 0.0, 0.410652, 0.022814, 0.022814, 0.0]"
STATE_MOTOR,1203705.8309651911,"[-0.009970875121256667, 0.0046019423636569235, 0.572941824275287, -0.006135923151542565, 0.009203884727313847, 0.49573210768220616]","[0.0, 0.0, 0.0, 0.0, 0.0, 0.0]","[0.022814, 0.0, 0.365024, 0.022814, 0.0, 0.022814]"
STATE_MOTOR,1223763.6250210926,"[-0.009970875121256667, 0.0046019423636569235, 0.572941824275287, -0.006135923151542565, 0.009203884727313847, 0.49573210768220616]","[0.0, 0.0, 0.0, 0.0, 0.0, 0.0]","[0.022814, 0.0, 0.365024, 0.022814, 0.022814, 0.022814]"
STATE_MOTOR,1243821.6280424967,"[-0.009970875121256667, 0.0046019423636569235, 0.572941824275287, -0.006135923151542565, 0.009203884727313847, 0.49573210768220616]","[0.0, 0.0, 0.0, 0.0, 0.0, 0.0]","[0.022814, 0.022814, 0.387838, 0.022814, 0.0, 0.022814]"
STATE_MOTOR,1263880.25295455,"[-0.009970875121256667, 0.0046019423636569235, 0.572941824275287, -0.006135923151542565, 0.009203884727313847, 0.49573210768220616]","[0.0, 0.0, 0.0, 0.0, 0.0, 0.0]","[0.022814, 0.0, 0.45628, 0.022814, 0.022814, 0.022814]"
STATE_MOTOR,1283938.508015126,"[-0.009970875121256667, 0.0046019423636569235, 0.572941824275287, -0.006135923151542565, 0.009203884727313847, 0.49573210768220616]","[0.0, 0.0, 0.0, 0.0, 0.0, 0.0]","[0.022814, 0.0, 0.524722, 0.022814, 0.0, 0.022814]"
STATE_MOTOR,1303998.7749652937,"[-0.009970875121256667, 0.0046019423636569235, 0.572941824275287, -0.006135923151542565, 0.009203884727313847, 0.49573210768220616]","[0.0, 0.0, 0.0, 0.0, 0.0, 0.0]","[0.022814, 0.0, 0.365024, 0.0, 0.0, 0.0]"
STATE_MOTOR,1324054.314987734,"[-0.009970875121256667, 0.0046019423636569235, 0.572941824275287, -0.006135923151542565, 0.009203884727313847, 0.49573210768220616]","[0.0, 0.0, 0.0, 0.0, 0.0, 0.0]","[0.022814, 0.0, 0.365024, 0.0, 0.022814, 0.022814]"
STATE_MOTOR,1344113.5509638116,"[-0.009970875121256667, 0.0046019423636569235, 0.572941824275287, -0.006135923151542565, 0.009203884727313847, 0.49573210768220616]","[0.0, 0.0, 0.0, 0.0, 0.0, 0.0]","[0.022814, 0.0, 0.365024, 0.022814, 0.022814, 0.022814]"
STATE_MOTOR,1364174.840040505,"[-0.009970875121256667, 0.0046019423636569235, 0.572941824275287, -0.006135923151542565, 0.009203884727313847, 0.49573210768220616]","[0.0, 0.0, 0.0, 0.0, 0.0, 0.0]","[0.022814, 0.0, 0.45628, 0.022814, 0.0, 0.022814]"
STATE_MOTOR,1384232.75295645,"[-0.009970875121256667, 0.0046019423636569235, 0.572941824275287, -0.006135923151542565, 0.009203884727313847, 0.49573210768220616]","[0.0, 0.0, 0.0, 0.0, 0.0, 0.0]","[0.022814, 0.0, 0.365024, 0.0, 0.022814, 0.022814]"
STATE_MOTOR,1404291.057959199,"[-0.009970875121256667, 0.0046019423636569235, 0.572941824275287, -0.006135923151542565, 0.009203884727313847, 0.49573210768220616]","[0.0, 0.0, 0.0, 0.0, 0.0, 0.0]","[0.022814, 0.0, 0.501908, 0.022814, 0.022814, 0.022814]"
STATE_MOTOR,1424356.43193312,"[-0.009970875121256667, 0.0046019423636569235, 0.572941824275287, -0.006135923151542565, 0.009203884727313847, 0.49573210768220616]","[0.0, 0.0, 0.0, 0.0, 0.0, 0.0]","[0.022814, 0.022814, 0.365024, 0.0, 0.0, 0.022814]"
STATE_MOTOR,1444418.9029745758,"[-0.009970875121256667, 0.0046019423636569235, 0.572941824275287, -0.006135923151542565, 0.009203884727313847, 0.49573210768220616]","[0.0, 0.0, 0.0, 0.0, 0.0, 0.0]","[0.022814, 0.0, 0.387838, 0.022814, 0.022814, 0.022814]"
STATE_MOTOR,1464481.5239589661,"[-0.009970875121256667, 0.0046019423636569235, 0.572941824275287, -0.006135923151542565, 0.009203884727313847, 0.49573210768220616]","[0.0, 0.0, 0.0, 0.0, 0.0, 0.0]","[0.022814, 0.0, 0.45628, 0.0, 0.0, 0.022814]"
STATE_MOTOR,1484539.947938174,"[-0.009970875121256667, 0.0046019423636569235, 0.572941824275287, -0.006135923151542565, 0.009203884727313847, 0.49573210768220616]","[0.0, 0.0, 0.0, 0.0, 0.0, 0.0]","[0.022814, 0.022814, 0.387838, 0.0, 0.022814, 0.022814]"
STATE_MOTOR,1504598.9640057087,"[-0.009970875121256667, 0.0046019423636569235, 0.572941824275287, -0.006135923151542565, 0.009203884727313847, 0.49573210768220616]","[0.0, 0.0, 0.0, 0.0, 0.0, 0.0]","[0.022814, 0.0, 0.387838, 0.022814, 0.022814, 0.022814]"
STATE_MOTOR,1524657.8990481794,"[-0.009970875121256667, 0.0046019423636569235, 0.572941824275287, -0.006135923151542565, 0.009203884727313847, 0.49573210768220616]","[0.0, 0.0, 0.0, 0.0, 0.0, 0.0]","[0.022814, 0.0, 0.387838, 0.0, 0.022814, 0.022814]"
STATE_MOTOR,1544729.913934134,"[-0.009970875121256667, 0.0046019423636569235, 0.572941824275287, -0.006135923151542565, 0.009203884727313847, 0.49573210768220616]","[0.0, 0.0, 0.0, 0.0, 0.0, 0.0]","[0.022814, 0.0, 0.524722, 0.0, 0.022814, 0.022814]"
STATE_MOTOR,1564793.7969770283,"[-0.009970875121256667, 0.0046019423636569235, 0.572941824275287, -0.006135923151542565, 0.009203884727313847, 0.49573210768220616]","[0.0, 0.0, 0.0, 0.0, 0.0, 0.0]","[0.022814, 0.0, 0.387838, 0.022814, 0.022814, 0.022814]"
STATE_MOTOR,1584849.9679705128,"[-0.009970875121256667, 0.0046019423636569235, 0.572941824275287, -0.006135923151542565, 0.009203884727313847, 0.49573210768220616]","[0.0, 0.0, 0.0, 0.0, 0.0, 0.0]","[0.022814, 0.0, 0.410652, 0.022814, 0.022814, 0.022814]"
STATE_MOTOR,1604905.9389624745,"[-0.009970875121256667, 0.0046019423636569235, 0.572941824275287, -0.006135923151542565, 0.009203884727313847, 0.49573210768220616]","[0.0, 0.0, 0.0, 0.0, 0.0, 0.0]","[0.0, 0.022814, 0.387838, 0.022814, 0.022814, 0.0]"
STATE_MOTOR,1624960.7680365443,"[-0.009970875121256667, 0.0046019423636569235, 0.572941824275287, -0.006135923151542565, 0.009203884727313847, 0.49573210768220616]","[0.0, 0.0, 0.0, 0.0, 0.0, 0.0]","[0.022814, 0.0, 0.387838, 0.0, 0.022814, 0.022814]"
STATE_MOTOR,1645017.349976115,"[-0.009970875121256667, 0.0046019423636569235, 0.572941824275287, -0.006135923151542565, 0.009203884727313847, 0.49573210768220616]","[0.0, 0.0, 0.0, 0.0, 0.0, 0.0]","[0.045628, 0.0, 0.387838, 0.022814, 0.022814, 0.0]"
STATE_MOTOR,1665076.3950310647,"[-0.009970875121256667, 0.0046019423636569235, 0.572941824275287, -0.006135923151542565, 0.009203884727313847, 0.49573210768220616]","[0.0, 0.0, 0.0, 0.0, 0.0, 0.0]","[0.022814, 0.0, 0.479094, 0.022814, 0.022814, 0.022814]"
STATE_MOTOR,1685132.2050206363,"[-0.009970875121256667, 0.0046019423636569235, 0.572941824275287, -0.006135923151542565, 0.009203884727313847, 0.49573210768220616]","[0.0, 0.0, 0.0, 0.0, 0.0, 0.0]","[0.022814, 0.0, 0.387838, 0.0, 0.022814, 0.0]"
STATE_MOTOR,1705192.3930412158,"[-0.009970875121256667, 0.0046019423636569235, 0.572941824275287, -0.006135923151542565, 0.009203884727313847, 0.49573210768220616]","[0.0, 0.0, 0.0, 0.0, 0.0, 0.0]","[0.022814, 0.022814, 0.433466, 0.022814, 0.0, 0.022814]"
STATE_MOTOR,1725248.8640369847,"[-0.009970875121256667, 0.0046019423636569235, 0.572941824275287, -0.006135923151542565, 0.009203884727313847, 0.49573210768220616]","[0.0, 0.0, 0.0, 0.0, 0.0, 0.0]","[0.022814, 0.0, 0.45628, 0.0, 0.0, 0.022814]"
STATE_MOTOR,1745305.0549374893,"[-0.009970875121256667, 0.0046019423636569235, 0.572941824275287, -0.006135923151542565, 0.009203884727313847, 0.49573210768220616]","[0.0, 0.0, 0.0, 0.0, 0.0, 0.0]","[0.022814, 0.022814, 0.387838, 0.0, 0.0, 0.022814]"
STATE_MOTOR,1765365.7930204645,"[-0.009970875121256667, 0.0046019423636569235, 0.572941824275287, -0.006135923151542565, 0.009203884727313847, 0.49573210768220616]","[0.0, 0.0, 0.0, 0.0, 0.0, 0.0]","[0.022814, 0.022814, 0.45628, 0.022814, 0.022814, 0.0]"
STATE_MOTOR,1785423.6470302567,"[-0.009970875121256667, 0.0046019423636569235, 0.572941824275287, -0.006135923151542565, 0.009203884727313847, 0.49573210768220616]","[0.0, 0.0, 0.0, 0.0, 0.0, 0.0]","[0.022814, 0.0, 0.410652, 0.022814, 0.0, 0.022814]"
STATE_MOTOR,1805480.1189573482,"[-0.009970875121256667, 0.0046019423636569235, 0.572941824275287, -0.006135923151542565, 0.009203884727313847, 0.49573210768220616]","[0.0, 0.0, 0.0, 0.0, 0.0, 0.0]","[0.0, 0.022814, 0.479094, 0.0, 0.022814, 0.0]"
STATE_MOTOR,1825535.509036854,"[-0.009970875121256667, 0.0046019423636569235, 0.572941824275287, -0.006135923151542565, 0.009203884727313847, 0.49573210768220616]","[0.0, 0.0, 0.0, 0.0, 0.0, 0.0]","[0.0, 0.022814, 0.387838, 0.022814, 0.022814, 0.022814]"
STATE_MOTOR,1845593.7629332766,"[-0.009970875121256667, 0.0046019423636569235, 0.572941824275287, -0.006135923151542565, 0.009203884727313847, 0.49573210768220616]","[0.0, 0.0, 0.0, 0.0, 0.0, 0.0]","[0.022814, 0.0, 0.387838, 0.022814, 0.022814, 0.022814]"
STATE_MOTOR,1865652.817999944,"[-0.009970875121256667, 0.0046019423636569235, 0.572941824275287, -0.006135923151542565, 0.009203884727313847, 0.49573210768220616]","[0.0, 0.0, 0.0, 0.0, 0.0, 0.0]","[0.0, 0.0, 0.365024, 0.0, 0.022814, 0.0]"
STATE_MOTOR,1885710.0809691474,"[-0.009970875121256667, 0.0046019423636569235, 0.572941824275287, -0.006135923151542565, 0.009203884727313847, 0.49573210768220616]","[0.0, 0.0, 0.0, 0.0, 0.0, 0.0]","[0.022814, 0.0, 0.410652, 0.0, 0.022814, 0.022814]"
STATE_MOTOR,1905769.4469811395,"[-0.009970875121256667, 0.0046019423636569235, 0.572941824275287, -0.006135923151542565, 0.009203884727313847, 0.49573210768220616]","[0.0, 0.0, 0.0, 0.0, 0.0, 0.0]","[0.022814, 0.0, 0.365024, 0.022814, 0.022814, 0.022814]"
STATE_MOTOR,1925828.6230033264,"[-0.009970875121256667, 0.0046019423636569235, 0.572941824275287, -0.006135923151542565, 0.009203884727313847, 0.49573210768220616]","[0.0, 0.0, 0.0, 0.0, 0.0, 0.0]","[0.022814, 0.0, 0.365024, 0.0, 0.0, 0.022814]"
STATE_MOTOR,1945889.199967496,"[-0.009970875121256667, 0.0046019423636569235, 0.572941824275287, -0.006135923151542565, 0.009203884727313847, 0.49573210768220616]","[0.0, 0.0, 0.0, 0.0, 0.0, 0.0]","[0.022814, 0.0, 0.501908, 0.022814, 0.022814, 0.022814]"
STATE_MOTOR,1965962.557005696,"[-0.009970875121256667, 0.0046019423636569235, 0.572941824275287, -0.006135923151542565, 0.009203884727313847, 0.49573210768220616]","[0.0, 0.0, 0.0, 0.0, 0.0, 0.0]","[0.022814, 0.0, 0.45628, 0.022814, 0.0, 0.022814]"
STATE_MOTOR,1986022.2529387102,"[-0.009970875121256667, 0.0046019423636569235, 0.572941824275287, -0.006135923151542565, 0.009203884727313847, 0.49573210768220616]","[0.0, 0.0, 0.0, 0.0, 0.0, 0.0]","[0.022814, 0.0, 0.501908, 0.0, 0.022814, 0.022814]"
STATE_MOTOR,2006083.2819435745,"[-0.009970875121256667, 0.0046019423636569235, 0.572941824275287, -0.006135923151542565, 0.009203884727313847, 0.49573210768220616]","[0.0, 0.0, 0.0, 0.0, 0.0, 0.0]","[0.022814, 0.0, 0.479094, 0.0, 0.022814, 0.022814]"
STATE_MOTOR,2026162.688038312,"[-0.009970875121256667, 0.0046019423636569235, 0.572941824275287, -0.006135923151542565, 0.009203884727313847, 0.49573210768220616]","[0.0, 0.0, 0.0, 0.0, 0.0, 0.0]","[0.022814, 0.0, 0.387838, 0.0, 0.022814, 0.022814]"
STATE_MOTOR,2046218.4679927304,"[-0.009970875121256667, 0.0046019423636569235, 0.572941824275287, -0.006135923151542565, 0.009203884727313847, 0.49573210768220616]","[0.0, 0.0, 0.0, 0.0, 0.0, 0.0]","[0.022814, 0.0, 0.45628, 0.022814, 0.022814, 0.022814]"
STATE_MOTOR,2066275.030025281,"[-0.009970875121256667, 0.0046019423636569235, 0.572941824275287, -0.006135923151542565, 0.009203884727313847, 0.49573210768220616]","[0.0, 0.0, 0.0, 0.0, 0.0, 0.0]","[0.022814, 0.022814, 0.501908, 0.022814, 0.022814, 0.022814]"
STATE_MOTOR,2086334.6359692514,"[-0.009970875121256667, 0.0046019423636569235, 0.572941824275287, -0.006135923151542565, 0.009203884727313847, 0.49573210768220616]","[0.0, 0.0, 0.0, 0.0, 0.0, 0.0]","[0.022814, 0.0, 0.387838, 0.0, 0.022814, 0.022814]"
STATE_MOTOR,2106395.6150319427,"[-0.009970875121256667, 0.0046019423636569235, 0.572941824275287, -0.006135923151542565, 0.009203884727313847, 0.49573210768220616]","[0.0, 0.0, 0.0, 0.0, 0.0, 0.0]","[0.022814, 0.0, 0.365024, 0.0, 0.022814, 0.0]"
STATE_MOTOR,2126452.547032386,"[-0.009970875121256667, 0.0046019423636569235, 0.572941824275287, -0.006135923151542565, 0.009203884727313847, 0.49573210768220616]","[0.0, 0.0, 0.0, 0.0, 0.0, 0.0]","[0.0, 0.0, 0.387838, 0.022814, 0.0, 0.022814]"
STATE_MOTOR,2146509.459009394,"[-0.009970875121256667, 0.0046019423636569235, 0.572941824275287, -0.006135923151542565, 0.009203884727313847, 0.49573210768220616]","[0.0, 0.0, 0.0, 0.0, 0.0, 0.0]","[0.022814, 0.0, 0.387838, 0.022814, 0.0, 0.022814]"
STATE_MOTOR,2166566.852014512,"[-0.009970875121256667, 0.0046019423636569235, 0.572941824275287, -0.006135923151542565, 0.009203884727313847, 0.49573210768220616]","[0.0, 0.0, 0.0, 0.0, 0.0, 0.0]","[0.045628, 0.0, 0.501908, 0.022814, 0.0, 0.022814]"
STATE_MOTOR,2186627.059010789,"[-0.009970875121256667, 0.0046019423636569235, 0.572941824275287, -0.006135923151542565, 0.009203884727313847, 0.49573210768220616]","[0.0, 0.0, 0.0, 0.0, 0.0, 0.0]","[0.022814, 0.0, 0.479094, 0.0, 0.022814, 0.022814]"
STATE_MOTOR,2206685.213954188,"[-0.009970875121256667, 0.0046019423636569235, 0.572941824275287, -0.006135923151542565, 0.009203884727313847, 0.49573210768220616]","[0.0, 0.0, 0.0, 0.0, 0.0, 0.0]","[0.022814, 0.0, 0.45628, 0.022814, 0.022814, 0.0]"
STATE_MOTOR,2226743.1470099837,"[-0.009970875121256667, 0.0046019423636569235, 0.572941824275287, -0.006135923151542565, 0.009203884727313847, 0.49573210768220616]","[0.0, 0.0, 0.0, 0.0, 0.0, 0.0]","[0.045628, 0.0, 0.45628, 0.0, 0.0, 0.022814]"
STATE_MOTOR,2246799.24803786,"[-0.009970875121256667, 0.006135923151542565, 0.572941824275287, -0.006135923151542565, 0.009203884727313847, 0.49573210768220616]","[0.0, 0.0, 0.0, 0.0, 0.0, 0.0]","[0.045628, 0.0, 0.433466, 0.0, 0.0, 0.022814]"
STATE_MOTOR,2266858.0239405856,"[-0.009970875121256667, 0.009203884727313847, 0.5714078434874014, -0.006135923151542565, 0.009203884727313847, 0.49573210768220616]","[0.0, 0.07669903939428206, 0.0, 0.0, 0.0, 0.0]","[0.022814, 0.0, 0.410652, 0.022814, 0.0, 0.022814]"
STATE_MOTOR,2286915.7770182937,"[-0.009970875121256667, 0.010737865515199488, 0.5714078434874014, -0.006135923151542565, 0.009203884727313847, 0.49573210768220616]","[0.0, 0.15339807878856412, -0.07669903939428206, 0.0, 0.0, 0.0]","[0.045628, 0.0, 0.410652, 0.022814, 0.0, 0.022814]"
STATE_MOTOR,2306976.023945026,"[-0.009970875121256667, 0.010737865515199488, 0.5714078434874014, -0.0046019423636569235, 0.009203884727313847, 0.49573210768220616]","[0.0, 0.07669903939428206, 0.0, 0.0, 0.0, 0.0]","[0.045628, 0.0, 0.387838, 0.0, 0.0, 0.0]"
STATE_MOTOR,2327034.589019604,"[-0.008436894333371026, 0.010737865515199488, 0.5714078434874014, -0.0015339807878856412, 0.009203884727313847, 0.49573210768220616]","[0.07669903939428206, 0.0, 0.0, 0.15339807878856412, 0.0, 0.0]","[0.022814, 0.0, 0.547536, 0.0, 0.0, 0.0]"
STATE_MOTOR,2347097.6599492133,"[-0.006902913545485385, 0.010737865515199488, 0.5714078434874014, 0.0, 0.009203884727313847, 0.49573210768220616]","[0.07669903939428206, 0.0, 0.0, 0.15339807878856412, 0.0, 0.0]","[0.045628, 0.0, 0.433466, 0.0, 0.0, 0.0]"
STATE_MOTOR,2367153.96202635,"[-0.003834951969714103, 0.01380582709097077, 0.5714078434874014, 0.0, 0.009203884727313847, 0.49573210768220616]","[0.15339807878856412, 0.0, 0.0, 0.0, 0.0, 0.0]","[0.022814, 0.0, 0.433466, 0.022814, 0.0, 0.022814]"
STATE_MOTOR,2387212.135945447,"[-0.0007669903939428206, 0.015339807878856412, 0.5714078434874014, 0.0, 0.009203884727313847, 0.49573210768220616]","[0.15339807878856412, 0.15339807878856412, 0.0, 0.0, 0.0, 0.0]","[0.022814, 0.0, 0.387838, 0.0, 0.0, 0.022814]"
STATE_MOTOR,2407278.5020107403,"[0.0023009711818284618, 0.018407769454627694, 0.5714078434874014, 0.0015339807878856412, 0.009203884727313847, 0.49573210768220616]","[0.15339807878856412, 0.07669903939428206, 0.0, 0.0, 0.0, 0.0]","[0.022814, 0.0, 0.45628, 0.0, 0.0, 0.022814]"
STATE_MOTOR,2427337.5880438834,"[0.005368932757599744, 0.019941750242513333, 0.5714078434874014, 0.0030679615757712823, 0.009203884727313847, 0.49573210768220616]","[0.15339807878856412, 0.15339807878856412, 0.0, 0.15339807878856412, 0.0, 0.0]","[0.022814, 0.0, 0.547536, 0.0, 0.0, 0.0]"
STATE_MOTOR,2447397.0539402217,"[0.008436894333371026, 0.019941750242513333, 0.5714078434874014, 0.0046019423636569235, 0.009203884727313847, 0.49573210768220616]","[0.07669903939428206, 0.07669903939428206, 0.0, 0.0, 0.0, 0.0]","[0.0, 0.0, 0.45628, 0.0, 0.022814, 0.022814]"
STATE_MOTOR,2467456.3499866053,"[0.009970875121256667, 0.021475731030398976, 0.5714078434874014, 0.006135923151542565, 0.009203884727313847, 0.49573210768220616]","[0.15339807878856412, 0.0, 0.0, 0.07669903939428206, 0.0, 0.0]","[0.022814, 0.0, 0.479094, 0.0, 0.0, 0.022814]"
STATE_MOTOR,2487515.285029076,"[0.013038836697027949, 0.023009711818284616, 0.5714078434874014, 0.007669903939428206, 0.009203884727313847, 0.49573210768220616]","[0.07669903939428206, 0.07669903939428206, 0.0, 0.07669903939428206, 0.0, 0.0]","[0.022814, 0.0, 0.524722, 0.0, 0.022814, 0.022814]"
STATE_MOTOR,2507572.807953693,"[0.016106798272799233, 0.02454369260617026, 0.5714078434874014, 0.007669903939428206, 0.009203884727313847, 0.49573210768220616]","[0.15339807878856412, 0.07669903939428206, 0.0, 0.07669903939428206, 0.0, 0.0]","[0.022814, 0.0, 0.57035, 0.0, 0.0, 0.022814]"
STATE_MOTOR,2527629.620046355,"[0.017640779060684873, 0.026077673394055898, 0.5698738626995157, 0.007669903939428206, 0.009203884727313847, 0.49573210768220616]","[0.15339807878856412, 0.07669903939428206, 0.0, 0.0, 0.0, 0.0]","[0.022814, 0.0, 0.661606, 0.0, 0.022814, 0.022814]"
STATE_MOTOR,2547688.4150411934,"[0.019174759848570515, 0.02761165418194154, 0.5683398819116301, 0.007669903939428206, 0.009203884727313847, 0.49573210768220616]","[0.07669903939428206, 0.07669903939428206, -0.07669903939428206, 0.0, 0.0, 0.0]","[0.022814, 0.0, 0.593164, 0.0, 0.022814, 0.0]"
STATE_MOTOR,2567745.247972198,"[0.020708740636456155, 0.02914563496982718, 0.5668059011237444, 0.007669903939428206, 0.009203884727313847, 0.49573210768220616]","[0.0, 0.07669903939428206, -0.15339807878856412, 0.0, 0.0, 0.0]","[0.022814, 0.0, 0.547536, 0.0, 0.022814, 0.022814]"
STATE_MOTOR,2587802.2599499673,"[0.022242721424341798, 0.030679615757712823, 0.5652719203358587, 0.009203884727313847, 0.009203884727313847, 0.49573210768220616]","[0.07669903939428206, 0.07669903939428206, -0.07669903939428206, 0.0, 0.0, 0.0]","[0.022814, 0.0, 0.479094, 0.0, 0.022814, 0.0]"
STATE_MOTOR,2607860.5640213937,"[0.023776702212227437, 0.032213596545598466, 0.5637379395479731, 0.010737865515199488, 0.009203884727313847, 0.49573210768220616]","[0.15339807878856412, 0.07669903939428206, 0.0, 0.07669903939428206, 0.0, 0.0]","[0.022814, 0.0, 0.57035, 0.022814, 0.022814, 0.022814]"
STATE_MOTOR,2627917.7069664,"[0.028378644575884363, 0.035281558121369745, 0.5622039587600874, 0.010737865515199488, 0.009203884727313847, 0.49573210768220616]","[0.15339807878856412, 0.15339807878856412, -0.07669903939428206, 0.07669903939428206, 0.0, 0.0]","[0.022814, 0.0, 0.45628, 0.0, 0.022814, 0.022814]"
STATE_MOTOR,2647973.738028668,"[0.03144660615165564, 0.03834951969714103, 0.5591359971843162, 0.010737865515199488, 0.01227184630308513, 0.49573210768220616]","[0.15339807878856412, 0.15339807878856412, -0.15339807878856412, 0.0, 0.0, 0.0]","[0.022814, 0.0, 0.410652, 0.022814, 0.022814, 0.0]"
STATE_MOTOR,2668032.202986069,"[0.032980586939541284, 0.03988350048502667, 0.5560680356085449, 0.010737865515199488, 0.015339807878856412, 0.49573210768220616]","[0.07669903939428206, 0.07669903939428206, -0.15339807878856412, 0.0, 0.23009711818284617, 0.0]","[0.045628, 0.0, 0.296582, 0.022814, 0.022814, 0.022814]"
STATE_MOTOR,2688091.1079933867,"[0.03604854851531257, 0.04141748127291231, 0.5530000740327736, 0.01380582709097077, 0.01687378866674205, 0.49573210768220616]","[0.15339807878856412, 0.07669903939428206, -0.15339807878856412, 0.07669903939428206, 0.15339807878856412, 0.0]","[0.022814, 0.0, 0.524722, 0.0, 0.022814, 0.0]"
STATE_MOTOR,2708148.2299836352,"[0.04065049087896949, 0.04601942363656923, 0.5514660932448879, 0.01687378866674205, 0.019941750242513333, 0.49573210768220616]","[0.23009711818284617, 0.23009711818284617, -0.07669903939428206, 0.15339807878856412, 0.07669903939428206, 0.0]","[0.0, 0.022814, 0.45628, 0.0, 0.0, 0.022814]"
STATE_MOTOR,2728205.392952077,"[0.04371845245474077, 0.04908738521234052, 0.5514660932448879, 0.018407769454627694, 0.021475731030398976, 0.49573210768220616]","[0.15339807878856412, 0.15339807878856412, -0.07669903939428206, 0.07669903939428206, 0.15339807878856412, 0.0]","[0.022814, 0.022814, 0.433466, 0.0, 0.022814, 0.0]"
STATE_MOTOR,2748262.085020542,"[0.04832039481839769, 0.04908738521234052, 0.5499321124570024, 0.019941750242513333, 0.023009711818284616, 0.49573210768220616]","[0.23009711818284617, 0.0, -0.07669903939428206, 0.07669903939428206, 0.07669903939428206, 0.0]","[0.022814, 0.0, 0.479094, 0.022814, 0.022814, 0.022814]"
STATE_MOTOR,2768325.006007217,"[0.05138835639416898, 0.052155346788111796, 0.5499321124570024, 0.019941750242513333, 0.02454369260617026, 0.49573210768220616]","[0.23009711818284617, 0.15339807878856412, 0.0, 0.07669903939428206, 0.0, 0.0]","[0.022814, 0.0, 0.615978, 0.0, 0.022814, 0.022814]"
STATE_MOTOR,2788383.641047403,"[0.0559902987578259, 0.056757289151768725, 0.5499321124570024, 0.019941750242513333, 0.02761165418194154, 0.49573210768220616]","[0.15339807878856412, 0.23009711818284617, 0.0, 0.0, 0.15339807878856412, 0.0]","[0.022814, 0.0, 0.593164, 0.022814, 0.022814, 0.022814]"
STATE_MOTOR,2808445.0799506158,"[0.059058260333597186, 0.05829126993965436, 0.5499321124570024, 0.019941750242513333, 0.030679615757712823, 0.49573210768220616]","[0.23009711818284617, 0.07669903939428206, 0.0, 0.0, 0.15339807878856412, 0.0]","[0.0, 0.0, 0.524722, 0.022814, 0.022814, 0.022814]"
STATE_MOTOR,2828502.7029924095,"[0.0636602026972541, 0.06135923151542565, 0.5499321124570024, 0.023009711818284616, 0.032213596545598466, 0.49573210768220616]","[0.15339807878856412, 0.15339807878856412, 0.0, 0.07669903939428206, 0.15339807878856412, 0.0]","[0.022814, 0.022814, 0.547536, 0.0, 0.045628, 0.022814]"
STATE_MOTOR,2848560.6469912454,"[0.06672816427302539, 0.06596117387908257, 0.5499321124570024, 0.026077673394055898, 0.032213596545598466, 0.49573210768220616]","[0.15339807878856412, 0.23009711818284617, 0.0, 0.15339807878856412, 0.0, 0.0]","[0.0, 0.0, 0.547536, 0.0, 0.045628, 0.022814]"
STATE_MOTOR,2868620.7439750433,"[0.06979612584879667, 0.0674951546669682, 0.5499321124570024, 0.02761165418194154, 0.035281558121369745, 0.49573210768220616]","[0.15339807878856412, 0.07669903939428206, 0.0, 0.07669903939428206, 0.07669903939428206, 0.0]","[0.045628, 0.0, 0.615978, 0.0, 0.0, 0.0]"
STATE_MOTOR,2888679.3890269473,"[0.07286408742456796, 0.06902913545485385, 0.5499321124570024, 0.02914563496982718, 0.03834951969714103, 0.49573210768220616]","[0.15339807878856412, 0.07669903939428206, 0.0, 0.15339807878856412, 0.15339807878856412, 0.0]","[0.022814, 0.0, 0.730048, 0.022814, 0.022814, 0.022814]"
STATE_MOTOR,2908735.239994712,"[0.07593204900033923, 0.07209709703062514, 0.5499321124570024, 0.032213596545598466, 0.04141748127291231, 0.49573210768220616]","[0.15339807878856412, 0.07669903939428206, 0.0, 0.07669903939428206, 0.15339807878856412, 0.0]","[0.022814, 0.0, 0.593164, 0.0, 0.045628, 0.022814]"
STATE_MOTOR,2928794.755949639,"[0.07900001057611052, 0.07516505860639641, 0.5499321124570024, 0.035281558121369745, 0.044485442848683596, 0.49573210768220616]","[0.15339807878856412, 0.23009711818284617, 0.0, 0.15339807878856412, 0.15339807878856412, 0.0]","[0.045628, 0.0, 0.638792, 0.022814, 0.022814, 0.022814]"
STATE_MOTOR,2948852.8199726716,"[0.08360195293976744, 0.0782330201821677, 0.5499321124570024, 0.035281558121369745, 0.047553404424454875, 0.49573210768220616]","[0.23009711818284617, 0.15339807878856412, 0.0, 0.07669903939428206, 0.07669903939428206, 0.0]","[0.045628, 0.0, 0.68442, 0.022814, 0.0, 0.022814]"
STATE_MOTOR,2968913.27702906,"[0.08666991451553872, 0.07976700097005333, 0.5499321124570024, 0.035281558121369745, 0.04908738521234052, 0.49573210768220616]","[0.15339807878856412, 0.07669903939428206, 0.0, 0.0, 0.15339807878856412, 0.0]","[0.022814, 0.0, 0.752862, 0.0, 0.022814, 0.0]"
STATE_MOTOR,2988970.2099608257,"[0.09127185687919565, 0.08436894333371026, 0.5483981316691167, 0.035281558121369745, 0.052155346788111796, 0.49573210768220616]","[0.15339807878856412, 0.23009711818284617, 0.0, 0.0, 0.15339807878856412, 0.0]","[0.022814, 0.0, 0.638792, 0.0, 0.0, 0.022814]"
STATE_MOTOR,3009026.451036334,"[0.09587379924285257, 0.08897088569736719, 0.5437961893054598, 0.035281558121369745, 0.05522330836388308, 0.49573210768220616]","[0.30679615757712825, 0.23009711818284617, -0.15339807878856412, 0.0, 0.07669903939428206, 0.0]","[0.022814, 0.022814, 0.433466, 0.022814, 0.0, 0.045628]"
STATE_MOTOR,3029111.695010215,"[0.10047574160650949, 0.09203884727313846, 0.5361262853660316, 0.035281558121369745, 0.05829126993965436, 0.49573210768220616]","[0.15339807878856412, 0.15339807878856412, -0.30679615757712825, 0.0, 0.23009711818284617, 0.0]","[0.022814, 0.0, 0.433466, 0.022814, 0.0, 0.0]"
