version https://git-lfs.github.com/spec/v1
oid sha256:0cd20b5c0c45da70f305da7723730a12ea82fe6780d8752485af75298f54a5b3
size 7230102
