type,timestamp,positions,velocities,torques
STATE_MOTOR,6.3889892771840096,"[-0.008436894333371026, 0.0046019423636569235, 0.5698738626995157, -0.006135923151542565, -0.01227184630308513, 0.49573210768220616]","[0.0, 0.0, 0.0, 0.0, 0.0, 0.0]","[0.022814, 0.0, 0.410652, 0.022814, 0.022814, 0.022814]"
STATE_MOTOR,20092.144957743585,"[-0.008436894333371026, 0.0046019423636569235, 0.5698738626995157, -0.006135923151542565, -0.01227184630308513, 0.49573210768220616]","[0.0, 0.0, 0.0, 0.0, 0.0, 0.0]","[0.022814, 0.022814, 0.479094, 0.0, 0.022814, 0.022814]"
STATE_MOTOR,40155.33800702542,"[-0.008436894333371026, 0.0046019423636569235, 0.5698738626995157, -0.006135923151542565, -0.01227184630308513, 0.49573210768220616]","[0.0, 0.0, 0.0, 0.0, 0.0, 0.0]","[0.022814, 0.022814, 0.387838, 0.0, 0.022814, 0.0]"
STATE_MOTOR,60219.231992959976,"[-0.008436894333371026, 0.0046019423636569235, 0.5698738626995157, -0.006135923151542565, -0.01227184630308513, 0.49573210768220616]","[0.0, 0.0, 0.0, 0.0, 0.0, 0.0]","[0.022814, 0.0, 0.365024, 0.022814, 0.022814, 0.022814]"
STATE_MOTOR,80276.82593092322,"[-0.008436894333371026, 0.0046019423636569235, 0.5698738626995157, -0.006135923151542565, -0.01227184630308513, 0.49573210768220616]","[0.0, 0.0, 0.0, 0.0, 0.0, 0.0]","[0.022814, 0.0, 0.433466, 0.0, 0.022814, 0.022814]"
STATE_MOTOR,100338.10592722148,"[-0.008436894333371026, 0.0046019423636569235, 0.5698738626995157, -0.006135923151542565, -0.01227184630308513, 0.49573210768220616]","[0.0, 0.0, 0.0, 0.0, 0.0, 0.0]","[0.0, 0.0, 0.410652, 0.022814, 0.045628, 0.022814]"
STATE_MOTOR,120399.4759125635,"[-0.008436894333371026, 0.0046019423636569235, 0.5698738626995157, -0.006135923151542565, -0.01227184630308513, 0.49573210768220616]","[0.0, 0.0, 0.0, 0.0, 0.0, 0.0]","[0.022814, 0.0, 0.479094, 0.0, 0.022814, 0.0]"
STATE_MOTOR,140460.40491666645,"[-0.008436894333371026, 0.0046019423636569235, 0.5698738626995157, -0.006135923151542565, -0.01227184630308513, 0.49573210768220616]","[0.0, 0.0, 0.0, 0.0, 0.0, 0.0]","[0.022814, 0.0, 0.45628, 0.022814, 0.022814, 0.022814]"
STATE_MOTOR,160519.68198735267,"[-0.008436894333371026, 0.0046019423636569235, 0.5698738626995157, -0.006135923151542565, -0.01227184630308513, 0.49573210768220616]","[0.0, 0.0, 0.0, 0.0, 0.0, 0.0]","[0.022814, 0.0, 0.319396, 0.0, 0.022814, 0.022814]"
STATE_MOTOR,180576.4549644664,"[-0.008436894333371026, 0.0046019423636569235, 0.5698738626995157, -0.006135923151542565, -0.01227184630308513, 0.49573210768220616]","[0.0, 0.0, 0.0, 0.0, 0.0, 0.0]","[0.022814, 0.0, 0.34221, 0.022814, 0.022814, 0.022814]"
STATE_MOTOR,200642.17201434076,"[-0.008436894333371026, 0.0046019423636569235, 0.5698738626995157, -0.006135923151542565, -0.01227184630308513, 0.49573210768220616]","[0.0, 0.0, 0.0, 0.0, 0.0, 0.0]","[0.022814, 0.0, 0.34221, 0.0, 0.022814, 0.022814]"
STATE_MOTOR,220704.3229136616,"[-0.008436894333371026, 0.0046019423636569235, 0.5698738626995157, -0.006135923151542565, -0.01227184630308513, 0.49573210768220616]","[0.0, 0.0, 0.0, 0.0, 0.0, 0.0]","[0.022814, 0.0, 0.365024, 0.022814, 0.022814, 0.0]"
STATE_MOTOR,240763.31895776093,"[-0.008436894333371026, 0.0046019423636569235, 0.5698738626995157, -0.006135923151542565, -0.01227184630308513, 0.49573210768220616]","[0.0, 0.0, 0.0, 0.0, 0.0, 0.0]","[0.022814, 0.0, 0.387838, 0.0, 0.022814, 0.0]"
STATE_MOTOR,260821.13396842033,"[-0.008436894333371026, 0.0046019423636569235, 0.5698738626995157, -0.006135923151542565, -0.01227184630308513, 0.49573210768220616]","[0.0, 0.0, 0.0, 0.0, 0.0, 0.0]","[0.022814, 0.0, 0.319396, 0.0, 0.022814, 0.022814]"
STATE_MOTOR,280878.62802203745,"[-0.008436894333371026, 0.0046019423636569235, 0.5698738626995157, -0.006135923151542565, -0.01227184630308513, 0.49573210768220616]","[0.0, 0.0, 0.0, 0.0, 0.0, 0.0]","[0.022814, 0.0, 0.365024, 0.0, 0.022814, 0.022814]"
STATE_MOTOR,300943.9440211281,"[-0.008436894333371026, 0.0046019423636569235, 0.5698738626995157, -0.006135923151542565, -0.01227184630308513, 0.49573210768220616]","[0.0, 0.0, 0.0, 0.0, 0.0, 0.0]","[0.0, 0.0, 0.365024, 0.022814, 0.022814, 0.022814]"
STATE_MOTOR,320999.8549427837,"[-0.008436894333371026, 0.0046019423636569235, 0.5698738626995157, -0.006135923151542565, -0.01227184630308513, 0.49573210768220616]","[0.0, 0.0, 0.0, 0.0, 0.0, 0.0]","[0.022814, 0.0, 0.365024, 0.0, 0.022814, 0.0]"
STATE_MOTOR,341065.1209997013,"[-0.008436894333371026, 0.0046019423636569235, 0.5698738626995157, -0.006135923151542565, -0.01227184630308513, 0.49573210768220616]","[0.0, 0.0, 0.0, 0.0, 0.0, 0.0]","[0.022814, 0.022814, 0.319396, 0.0, 0.022814, 0.022814]"
STATE_MOTOR,361124.5279898867,"[-0.008436894333371026, 0.0046019423636569235, 0.5698738626995157, -0.006135923151542565, -0.01227184630308513, 0.49573210768220616]","[0.0, 0.0, 0.0, 0.0, 0.0, 0.0]","[0.022814, 0.0, 0.365024, 0.022814, 0.022814, 0.022814]"
STATE_MOTOR,381183.35395120084,"[-0.008436894333371026, 0.0046019423636569235, 0.5698738626995157, -0.006135923151542565, -0.01227184630308513, 0.49573210768220616]","[0.0, 0.0, 0.0, 0.0, 0.0, 0.0]","[0.022814, 0.0, 0.365024, 0.0, 0.022814, 0.022814]"
STATE_MOTOR,401251.04400794953,"[-0.008436894333371026, 0.0046019423636569235, 0.5698738626995157, -0.006135923151542565, -0.01227184630308513, 0.49573210768220616]","[0.0, 0.0, 0.0, 0.0, 0.0, 0.0]","[0.022814, 0.0, 0.433466, 0.022814, 0.022814, 0.0]"
STATE_MOTOR,421309.63993258774,"[-0.008436894333371026, 0.0046019423636569235, 0.5698738626995157, -0.006135923151542565, -0.01227184630308513, 0.49573210768220616]","[0.0, 0.0, 0.0, 0.0, 0.0, 0.0]","[0.022814, 0.0, 0.319396, 0.0, 0.022814, 0.022814]"
STATE_MOTOR,441369.15693525225,"[-0.008436894333371026, 0.0046019423636569235, 0.5698738626995157, -0.006135923151542565, -0.01227184630308513, 0.49573210768220616]","[0.0, 0.0, 0.0, 0.0, 0.0, 0.0]","[0.022814, 0.0, 0.410652, 0.0, 0.022814, 0.022814]"
STATE_MOTOR,461427.0019810647,"[-0.008436894333371026, 0.0046019423636569235, 0.5698738626995157, -0.006135923151542565, -0.01227184630308513, 0.49573210768220616]","[0.0, 0.0, 0.0, 0.0, 0.0, 0.0]","[0.022814, 0.0, 0.319396, 0.0, 0.022814, 0.0]"
STATE_MOTOR,481486.2379571423,"[-0.008436894333371026, 0.0046019423636569235, 0.5698738626995157, -0.006135923151542565, -0.01227184630308513, 0.49573210768220616]","[0.0, 0.0, 0.0, 0.0, 0.0, 0.0]","[0.022814, 0.0, 0.319396, 0.022814, 0.022814, 0.0]"
STATE_MOTOR,501553.1169483438,"[-0.008436894333371026, 0.0046019423636569235, 0.5698738626995157, -0.006135923151542565, -0.01227184630308513, 0.49573210768220616]","[0.0, 0.0, 0.0, 0.0, 0.0, 0.0]","[0.022814, 0.0, 0.501908, 0.022814, 0.022814, 0.022814]"
STATE_MOTOR,521568.6579467729,"[-0.006902913545485385, 0.0046019423636569235, 0.5698738626995157, -0.006135923151542565, -0.01227184630308513, 0.49573210768220616]","[0.07669903939428206, 0.0, 0.0, 0.0, 0.0, 0.0]","[0.022814, 0.022814, 0.479094, 0.0, 0.022814, 0.022814]"
STATE_MOTOR,541627.6149917394,"[-0.006902913545485385, 0.0046019423636569235, 0.5698738626995157, -0.006135923151542565, -0.01227184630308513, 0.49573210768220616]","[0.0, 0.0, 0.0, 0.0, 0.0, 0.0]","[0.022814, 0.022814, 0.410652, 0.022814, 0.022814, 0.0]"
STATE_MOTOR,561690.4469206929,"[-0.006902913545485385, 0.0046019423636569235, 0.5698738626995157, -0.006135923151542565, -0.01227184630308513, 0.49573210768220616]","[0.0, 0.0, 0.0, 0.0, 0.0, 0.0]","[0.0, 0.0, 0.433466, 0.0, 0.045628, 0.022814]"
STATE_MOTOR,581758.2459421828,"[-0.006902913545485385, 0.0046019423636569235, 0.5698738626995157, -0.006135923151542565, -0.01227184630308513, 0.49573210768220616]","[0.0, 0.0, 0.0, 0.0, 0.0, 0.0]","[0.022814, 0.0, 0.45628, 0.022814, 0.022814, 0.022814]"
STATE_MOTOR,601822.5299194455,"[-0.006902913545485385, 0.0046019423636569235, 0.5698738626995157, -0.006135923151542565, -0.01227184630308513, 0.49573210768220616]","[0.0, 0.0, 0.0, 0.0, 0.0, 0.0]","[0.022814, 0.0, 0.45628, 0.0, 0.022814, 0.0]"
STATE_MOTOR,621879.3139560148,"[-0.006902913545485385, 0.0046019423636569235, 0.5698738626995157, -0.006135923151542565, -0.01227184630308513, 0.49573210768220616]","[0.0, 0.0, 0.0, 0.0, 0.0, 0.0]","[0.022814, 0.022814, 0.34221, 0.0, 0.022814, 0.0]"
STATE_MOTOR,641936.0969448462,"[-0.006902913545485385, 0.0046019423636569235, 0.5698738626995157, -0.006135923151542565, -0.01227184630308513, 0.49573210768220616]","[0.0, 0.0, 0.0, 0.0, 0.0, 0.0]","[0.022814, 0.0, 0.319396, 0.022814, 0.022814, 0.0]"
STATE_MOTOR,661991.9679360464,"[-0.006902913545485385, 0.0046019423636569235, 0.5698738626995157, -0.006135923151542565, -0.01227184630308513, 0.49573210768220616]","[0.0, 0.0, 0.0, 0.0, 0.0, 0.0]","[0.022814, 0.0, 0.410652, 0.022814, 0.0, 0.022814]"
STATE_MOTOR,682053.5289589316,"[-0.006902913545485385, 0.0046019423636569235, 0.5698738626995157, -0.006135923151542565, -0.01227184630308513, 0.49573210768220616]","[0.0, 0.0, 0.0, 0.0, 0.0, 0.0]","[0.022814, 0.0, 0.365024, 0.0, 0.022814, 0.022814]"
STATE_MOTOR,702119.1349485889,"[-0.006902913545485385, 0.0046019423636569235, 0.5698738626995157, -0.006135923151542565, -0.01227184630308513, 0.49573210768220616]","[0.0, 0.0, 0.0, 0.0, 0.0, 0.0]","[0.0, 0.022814, 0.365024, 0.022814, 0.022814, 0.022814]"
STATE_MOTOR,722183.7999531999,"[-0.006902913545485385, 0.0046019423636569235, 0.5698738626995157, -0.006135923151542565, -0.01227184630308513, 0.49573210768220616]","[0.0, 0.0, 0.0, 0.0, 0.0, 0.0]","[0.0, 0.0, 0.365024, 0.022814, 0.022814, 0.0]"
STATE_MOTOR,742249.5359787717,"[-0.006902913545485385, 0.0046019423636569235, 0.5698738626995157, -0.006135923151542565, -0.01227184630308513, 0.49573210768220616]","[0.0, 0.0, 0.0, 0.0, 0.0, 0.0]","[0.022814, 0.0, 0.479094, 0.022814, 0.022814, 0.0]"
STATE_MOTOR,762306.6299129277,"[-0.006902913545485385, 0.0046019423636569235, 0.5698738626995157, -0.006135923151542565, -0.01227184630308513, 0.49573210768220616]","[0.0, 0.0, 0.0, 0.0, 0.0, 0.0]","[0.0, 0.0, 0.34221, 0.0, 0.022814, 0.022814]"
STATE_MOTOR,782364.8449266329,"[-0.006902913545485385, 0.0046019423636569235, 0.5698738626995157, -0.006135923151542565, -0.01227184630308513, 0.49573210768220616]","[0.0, 0.0, 0.0, 0.0, 0.0, 0.0]","[0.0, 0.0, 0.319396, 0.0, 0.022814, 0.0]"
STATE_MOTOR,802433.0249754712,"[-0.006902913545485385, 0.0046019423636569235, 0.5698738626995157, -0.006135923151542565, -0.01227184630308513, 0.49573210768220616]","[0.0, 0.0, 0.0, 0.0, 0.0, 0.0]","[0.022814, 0.022814, 0.319396, 0.022814, 0.022814, 0.022814]"
STATE_MOTOR,822491.9409258291,"[-0.006902913545485385, 0.0046019423636569235, 0.5698738626995157, -0.006135923151542565, -0.01227184630308513, 0.49573210768220616]","[0.0, 0.0, 0.0, 0.0, 0.0, 0.0]","[0.022814, 0.0, 0.410652, 0.022814, 0.022814, 0.022814]"
STATE_MOTOR,842550.7869105786,"[-0.006902913545485385, 0.0046019423636569235, 0.5698738626995157, -0.006135923151542565, -0.01227184630308513, 0.49573210768220616]","[0.0, 0.0, 0.0, 0.0, 0.0, 0.0]","[0.022814, 0.0, 0.433466, 0.0, 0.022814, 0.022814]"
STATE_MOTOR,862609.022995457,"[-0.006902913545485385, 0.0046019423636569235, 0.5698738626995157, -0.006135923151542565, -0.01227184630308513, 0.49573210768220616]","[0.0, 0.0, 0.0, 0.0, 0.0, 0.0]","[0.0, 0.0, 0.45628, 0.022814, 0.022814, 0.022814]"
STATE_MOTOR,882664.1429914162,"[-0.006902913545485385, 0.0046019423636569235, 0.5698738626995157, -0.006135923151542565, -0.01227184630308513, 0.49573210768220616]","[0.0, 0.0, 0.0, 0.0, 0.0, 0.0]","[0.0, 0.0, 0.387838, 0.0, 0.045628, 0.022814]"
STATE_MOTOR,902726.964908652,"[-0.006902913545485385, 0.0046019423636569235, 0.5698738626995157, -0.006135923151542565, -0.01227184630308513, 0.49573210768220616]","[0.0, 0.0, 0.0, 0.0, 0.0, 0.0]","[0.0, 0.022814, 0.387838, 0.0, 0.022814, 0.022814]"
STATE_MOTOR,922782.8469593078,"[-0.006902913545485385, 0.0046019423636569235, 0.5698738626995157, -0.006135923151542565, -0.01227184630308513, 0.49573210768220616]","[0.0, 0.0, 0.0, 0.0, 0.0, 0.0]","[0.022814, 0.022814, 0.410652, 0.0, 0.022814, 0.022814]"
STATE_MOTOR,942839.5800059661,"[-0.006902913545485385, 0.0046019423636569235, 0.5698738626995157, -0.006135923151542565, -0.01227184630308513, 0.49573210768220616]","[0.0, 0.0, 0.0, 0.0, 0.0, 0.0]","[0.022814, 0.0, 0.45628, 0.0, 0.022814, 0.022814]"
STATE_MOTOR,962896.1629932746,"[-0.006902913545485385, 0.0046019423636569235, 0.5698738626995157, -0.006135923151542565, -0.01227184630308513, 0.49573210768220616]","[0.0, 0.0, 0.0, 0.0, 0.0, 0.0]","[0.022814, 0.0, 0.387838, 0.0, 0.022814, 0.022814]"
STATE_MOTOR,982954.929000698,"[-0.006902913545485385, 0.0046019423636569235, 0.5698738626995157, -0.006135923151542565, -0.01227184630308513, 0.49573210768220616]","[0.0, 0.0, 0.0, 0.0, 0.0, 0.0]","[0.022814, 0.022814, 0.479094, 0.0, 0.022814, 0.022814]"
STATE_MOTOR,1003020.6450028345,"[-0.006902913545485385, 0.0046019423636569235, 0.5698738626995157, -0.006135923151542565, -0.01227184630308513, 0.49573210768220616]","[0.0, 0.0, 0.0, 0.0, 0.0, 0.0]","[0.0, 0.0, 0.45628, 0.022814, 0.045628, 0.022814]"
STATE_MOTOR,1023117.1979103237,"[-0.006902913545485385, 0.0046019423636569235, 0.5698738626995157, -0.006135923151542565, -0.01227184630308513, 0.49573210768220616]","[0.0, 0.0, 0.0, 0.0, 0.0, 0.0]","[0.0, 0.0, 0.365024, 0.022814, 0.045628, 0.022814]"
STATE_MOTOR,1043182.343011722,"[-0.006902913545485385, 0.0046019423636569235, 0.5698738626995157, -0.006135923151542565, -0.01227184630308513, 0.49573210768220616]","[0.0, 0.0, 0.0, 0.0, 0.0, 0.0]","[0.022814, 0.022814, 0.501908, 0.0, 0.022814, 0.022814]"
STATE_MOTOR,1063248.010003008,"[-0.006902913545485385, 0.0046019423636569235, 0.5698738626995157, -0.006135923151542565, -0.01227184630308513, 0.49573210768220616]","[0.0, 0.0, 0.0, 0.0, 0.0, 0.0]","[0.0, 0.0, 0.34221, 0.022814, 0.022814, 0.022814]"
STATE_MOTOR,1083306.19498156,"[-0.006902913545485385, 0.0046019423636569235, 0.5698738626995157, -0.006135923151542565, -0.01227184630308513, 0.49573210768220616]","[0.0, 0.0, 0.0, 0.0, 0.0, 0.0]","[0.0, 0.0, 0.433466, 0.0, 0.022814, 0.022814]"
STATE_MOTOR,1103368.7269082293,"[-0.006902913545485385, 0.0046019423636569235, 0.5698738626995157, -0.006135923151542565, -0.01227184630308513, 0.49573210768220616]","[0.0, 0.0, 0.0, 0.0, 0.0, 0.0]","[0.022814, 0.0, 0.34221, 0.022814, 0.022814, 0.022814]"
STATE_MOTOR,1123439.3200138584,"[-0.006902913545485385, 0.0046019423636569235, 0.5698738626995157, -0.006135923151542565, -0.01227184630308513, 0.49573210768220616]","[0.0, 0.0, 0.0, 0.0, 0.0, 0.0]","[0.0, 0.0, 0.365024, 0.0, 0.022814, 0.022814]"
STATE_MOTOR,1143501.480924897,"[-0.006902913545485385, 0.0046019423636569235, 0.5698738626995157, -0.006135923151542565, -0.01227184630308513, 0.49573210768220616]","[0.0, 0.0, 0.0, 0.0, 0.0, 0.0]","[0.0, 0.0, 0.387838, 0.022814, 0.022814, 0.022814]"
STATE_MOTOR,1163565.2650147676,"[-0.006902913545485385, 0.0046019423636569235, 0.5698738626995157, -0.006135923151542565, -0.01227184630308513, 0.49573210768220616]","[0.0, 0.0, 0.0, 0.0, 0.0, 0.0]","[0.0, 0.0, 0.34221, 0.022814, 0.022814, 0.022814]"
STATE_MOTOR,1183624.3709549308,"[-0.006902913545485385, 0.0046019423636569235, 0.5698738626995157, -0.006135923151542565, -0.01227184630308513, 0.49573210768220616]","[0.0, 0.0, 0.0, 0.0, 0.0, 0.0]","[0.022814, 0.0, 0.365024, 0.0, 0.022814, 0.022814]"
STATE_MOTOR,1203681.043931283,"[-0.006902913545485385, 0.0046019423636569235, 0.5698738626995157, -0.006135923151542565, -0.01227184630308513, 0.49573210768220616]","[0.0, 0.0, 0.0, 0.0, 0.0, 0.0]","[0.022814, 0.0, 0.319396, 0.0, 0.022814, 0.022814]"
STATE_MOTOR,1223748.332937248,"[-0.006902913545485385, 0.0046019423636569235, 0.5698738626995157, -0.006135923151542565, -0.01227184630308513, 0.49573210768220616]","[0.0, 0.0, 0.0, 0.0, 0.0, 0.0]","[0.0, 0.022814, 0.387838, 0.0, 0.022814, 0.022814]"
STATE_MOTOR,1243806.8189658225,"[-0.006902913545485385, 0.0046019423636569235, 0.5698738626995157, -0.006135923151542565, -0.01227184630308513, 0.49573210768220616]","[0.0, 0.0, 0.0, 0.0, 0.0, 0.0]","[0.0, 0.0, 0.410652, 0.022814, 0.022814, 0.0]"
STATE_MOTOR,1263874.8990138993,"[-0.006902913545485385, 0.0046019423636569235, 0.5698738626995157, -0.006135923151542565, -0.01227184630308513, 0.49573210768220616]","[0.0, 0.0, 0.0, 0.0, 0.0, 0.0]","[0.022814, 0.0, 0.365024, 0.022814, 0.022814, 0.022814]"
STATE_MOTOR,1283934.295992367,"[-0.006902913545485385, 0.0046019423636569235, 0.5698738626995157, -0.006135923151542565, -0.01227184630308513, 0.49573210768220616]","[0.0, 0.0, 0.0, 0.0, 0.0, 0.0]","[0.022814, 0.0, 0.319396, 0.022814, 0.0, 0.022814]"
STATE_MOTOR,1303995.715919882,"[-0.006902913545485385, 0.0046019423636569235, 0.5698738626995157, -0.006135923151542565, -0.01227184630308513, 0.49573210768220616]","[0.0, 0.0, 0.0, 0.0, 0.0, 0.0]","[0.022814, 0.0, 0.433466, 0.0, 0.022814, 0.022814]"
STATE_MOTOR,1324055.923963897,"[-0.006902913545485385, 0.0046019423636569235, 0.5698738626995157, -0.006135923151542565, -0.01227184630308513, 0.49573210768220616]","[0.0, 0.0, 0.0, 0.0, 0.0, 0.0]","[0.022814, 0.0, 0.34221, 0.0, 0.045628, 0.0]"
STATE_MOTOR,1344120.8999138325,"[-0.006902913545485385, 0.0046019423636569235, 0.5698738626995157, -0.006135923151542565, -0.01227184630308513, 0.49573210768220616]","[0.0, 0.0, 0.0, 0.0, 0.0, 0.0]","[0.022814, 0.022814, 0.34221, 0.022814, 0.045628, 0.0]"
STATE_MOTOR,1364189.439918846,"[-0.006902913545485385, 0.0046019423636569235, 0.5698738626995157, -0.006135923151542565, -0.01227184630308513, 0.49573210768220616]","[0.0, 0.0, 0.0, 0.0, 0.0, 0.0]","[0.022814, 0.022814, 0.433466, 0.0, 0.022814, 0.0]"
STATE_MOTOR,1384248.4669294208,"[-0.006902913545485385, 0.0046019423636569235, 0.5698738626995157, -0.006135923151542565, -0.01227184630308513, 0.49573210768220616]","[0.0, 0.0, 0.0, 0.0, 0.0, 0.0]","[0.022814, 0.0, 0.433466, 0.0, 0.022814, 0.022814]"
STATE_MOTOR,1404310.8579935506,"[-0.006902913545485385, 0.0046019423636569235, 0.5698738626995157, -0.006135923151542565, -0.01227184630308513, 0.49573210768220616]","[0.0, 0.0, 0.0, 0.0, 0.0, 0.0]","[0.022814, 0.0, 0.45628, 0.022814, 0.022814, 0.022814]"
STATE_MOTOR,1424370.3059619293,"[-0.006902913545485385, 0.0046019423636569235, 0.5698738626995157, -0.006135923151542565, -0.01227184630308513, 0.49573210768220616]","[0.0, 0.0, 0.0, 0.0, 0.0, 0.0]","[0.022814, 0.0, 0.433466, 0.0, 0.022814, 0.022814]"
STATE_MOTOR,1444427.5789428502,"[-0.006902913545485385, 0.0046019423636569235, 0.5698738626995157, -0.006135923151542565, -0.01227184630308513, 0.49573210768220616]","[0.0, 0.0, 0.0, 0.0, 0.0, 0.0]","[0.0, 0.022814, 0.365024, 0.0, 0.022814, 0.022814]"
STATE_MOTOR,1464486.3159628585,"[-0.006902913545485385, 0.0046019423636569235, 0.5698738626995157, -0.006135923151542565, -0.01227184630308513, 0.49573210768220616]","[0.0, 0.0, 0.0, 0.0, 0.0, 0.0]","[0.022814, 0.0, 0.365024, 0.0, 0.022814, 0.022814]"
STATE_MOTOR,1484542.6980173215,"[-0.006902913545485385, 0.0046019423636569235, 0.5698738626995157, -0.006135923151542565, -0.01227184630308513, 0.49573210768220616]","[0.0, 0.0, 0.0, 0.0, 0.0, 0.0]","[0.0, 0.0, 0.433466, 0.0, 0.022814, 0.0]"
STATE_MOTOR,1504605.3099213168,"[-0.006902913545485385, 0.0046019423636569235, 0.5698738626995157, -0.006135923151542565, -0.01227184630308513, 0.49573210768220616]","[0.0, 0.0, 0.0, 0.0, 0.0, 0.0]","[0.022814, 0.0, 0.45628, 0.022814, 0.022814, 0.022814]"
STATE_MOTOR,1524669.8539704084,"[-0.006902913545485385, 0.0046019423636569235, 0.5698738626995157, -0.006135923151542565, -0.01227184630308513, 0.49573210768220616]","[0.0, 0.0, 0.0, 0.0, 0.0, 0.0]","[0.022814, 0.022814, 0.45628, 0.0, 0.022814, 0.022814]"
STATE_MOTOR,1544727.9600193724,"[-0.006902913545485385, 0.0046019423636569235, 0.5698738626995157, -0.006135923151542565, -0.01227184630308513, 0.49573210768220616]","[0.0, 0.0, 0.0, 0.0, 0.0, 0.0]","[0.022814, 0.0, 0.387838, 0.022814, 0.022814, 0.022814]"
STATE_MOTOR,1564785.9439486638,"[-0.006902913545485385, 0.0046019423636569235, 0.5698738626995157, -0.006135923151542565, -0.01227184630308513, 0.49573210768220616]","[0.0, 0.0, 0.0, 0.0, 0.0, 0.0]","[0.022814, 0.022814, 0.387838, 0.0, 0.022814, 0.022814]"
STATE_MOTOR,1584842.9379984736,"[-0.006902913545485385, 0.0046019423636569235, 0.5698738626995157, -0.006135923151542565, -0.01227184630308513, 0.49573210768220616]","[0.0, 0.0, 0.0, 0.0, 0.0, 0.0]","[0.0, 0.022814, 0.365024, 0.0, 0.022814, 0.0]"
STATE_MOTOR,1604900.692938827,"[-0.006902913545485385, 0.0046019423636569235, 0.5698738626995157, -0.006135923151542565, -0.01227184630308513, 0.49573210768220616]","[0.0, 0.0, 0.0, 0.0, 0.0, 0.0]","[0.022814, 0.0, 0.34221, 0.022814, 0.022814, 0.0]"
STATE_MOTOR,1624958.5070181638,"[-0.006902913545485385, 0.0046019423636569235, 0.5698738626995157, -0.006135923151542565, -0.01227184630308513, 0.49573210768220616]","[0.0, 0.0, 0.0, 0.0, 0.0, 0.0]","[0.022814, 0.0, 0.365024, 0.022814, 0.0, 0.022814]"
STATE_MOTOR,1645017.5539357588,"[-0.006902913545485385, 0.0046019423636569235, 0.5698738626995157, -0.006135923151542565, -0.01227184630308513, 0.49573210768220616]","[0.0, 0.0, 0.0, 0.0, 0.0, 0.0]","[0.022814, 0.0, 0.387838, 0.022814, 0.022814, 0.022814]"
STATE_MOTOR,1665075.4979345948,"[-0.006902913545485385, 0.0046019423636569235, 0.5698738626995157, -0.006135923151542565, -0.01227184630308513, 0.49573210768220616]","[0.0, 0.0, 0.0, 0.0, 0.0, 0.0]","[0.022814, 0.0, 0.365024, 0.022814, 0.0, 0.022814]"
STATE_MOTOR,1685130.5189775303,"[-0.006902913545485385, 0.0046019423636569235, 0.5698738626995157, -0.006135923151542565, -0.01227184630308513, 0.49573210768220616]","[0.0, 0.0, 0.0, 0.0, 0.0, 0.0]","[0.022814, 0.0, 0.319396, 0.022814, 0.022814, 0.022814]"
STATE_MOTOR,1705196.11495547,"[-0.006902913545485385, 0.0046019423636569235, 0.5698738626995157, -0.006135923151542565, -0.01227184630308513, 0.49573210768220616]","[0.0, 0.0, 0.0, 0.0, 0.0, 0.0]","[0.0, 0.0, 0.365024, 0.0, 0.022814, 0.0]"
STATE_MOTOR,1725260.6599358842,"[-0.006902913545485385, 0.0046019423636569235, 0.5698738626995157, -0.006135923151542565, -0.01227184630308513, 0.49573210768220616]","[0.0, 0.0, 0.0, 0.0, 0.0, 0.0]","[0.0, 0.0, 0.365024, 0.0, 0.0, 0.022814]"
STATE_MOTOR,1745285.4349976406,"[-0.006902913545485385, 0.0046019423636569235, 0.5698738626995157, -0.006135923151542565, -0.01227184630308513, 0.49573210768220616]","[0.0, 0.0, 0.0, 0.0, 0.0, 0.0]","[0.022814, 0.022814, 0.387838, 0.0, 0.045628, 0.0]"
STATE_MOTOR,1765344.2219598219,"[-0.006902913545485385, 0.0046019423636569235, 0.5698738626995157, -0.006135923151542565, -0.01227184630308513, 0.49573210768220616]","[0.0, 0.0, 0.0, 0.0, 0.0, 0.0]","[0.022814, 0.0, 0.410652, 0.0, 0.022814, 0.022814]"
STATE_MOTOR,1785400.373977609,"[-0.006902913545485385, 0.0046019423636569235, 0.5698738626995157, -0.006135923151542565, -0.01227184630308513, 0.49573210768220616]","[0.0, 0.0, 0.0, 0.0, 0.0, 0.0]","[0.022814, 0.0, 0.34221, 0.0, 0.045628, 0.022814]"
STATE_MOTOR,1805464.1769267619,"[-0.006902913545485385, 0.0046019423636569235, 0.5698738626995157, -0.006135923151542565, -0.01227184630308513, 0.49573210768220616]","[0.0, 0.0, 0.0, 0.0, 0.0, 0.0]","[0.022814, 0.0, 0.365024, 0.022814, 0.022814, 0.0]"
STATE_MOTOR,1825527.9109580442,"[-0.006902913545485385, 0.0046019423636569235, 0.5698738626995157, -0.006135923151542565, -0.01227184630308513, 0.49573210768220616]","[0.0, 0.0, 0.0, 0.0, 0.0, 0.0]","[0.022814, 0.0, 0.410652, 0.022814, 0.022814, 0.022814]"
STATE_MOTOR,1845587.6579973847,"[-0.006902913545485385, 0.0046019423636569235, 0.5698738626995157, -0.006135923151542565, -0.01227184630308513, 0.49573210768220616]","[0.0, 0.0, 0.0, 0.0, 0.0, 0.0]","[0.022814, 0.022814, 0.45628, 0.022814, 0.022814, 0.022814]"
STATE_MOTOR,1865643.5100128874,"[-0.006902913545485385, 0.0046019423636569235, 0.5698738626995157, -0.006135923151542565, -0.01227184630308513, 0.49573210768220616]","[0.0, 0.0, 0.0, 0.0, 0.0, 0.0]","[0.022814, 0.0, 0.34221, 0.022814, 0.022814, 0.022814]"
STATE_MOTOR,1885700.3129087389,"[-0.006902913545485385, 0.0046019423636569235, 0.5698738626995157, -0.006135923151542565, -0.01227184630308513, 0.49573210768220616]","[0.0, 0.0, 0.0, 0.0, 0.0, 0.0]","[0.0, 0.0, 0.45628, 0.022814, 0.045628, 0.0]"
STATE_MOTOR,1905756.4849499613,"[-0.006902913545485385, 0.0046019423636569235, 0.5698738626995157, -0.006135923151542565, -0.01227184630308513, 0.49573210768220616]","[0.0, 0.0, 0.0, 0.0, 0.0, 0.0]","[0.022814, 0.0, 0.365024, 0.022814, 0.022814, 0.0]"
STATE_MOTOR,1925819.7179296985,"[-0.006902913545485385, 0.0046019423636569235, 0.5698738626995157, -0.006135923151542565, -0.01227184630308513, 0.49573210768220616]","[0.0, 0.0, 0.0, 0.0, 0.0, 0.0]","[0.022814, 0.0, 0.387838, 0.022814, 0.022814, 0.0]"
STATE_MOTOR,1945877.5429520756,"[-0.006902913545485385, 0.0046019423636569235, 0.5698738626995157, -0.006135923151542565, -0.01227184630308513, 0.49573210768220616]","[0.0, 0.0, 0.0, 0.0, 0.0, 0.0]","[0.0, 0.022814, 0.387838, 0.022814, 0.022814, 0.022814]"
STATE_MOTOR,1965935.2470189333,"[-0.006902913545485385, 0.0046019423636569235, 0.5698738626995157, -0.006135923151542565, -0.01227184630308513, 0.49573210768220616]","[0.0, 0.0, 0.0, 0.0, 0.0, 0.0]","[0.022814, 0.0, 0.34221, 0.0, 0.022814, 0.0]"
STATE_MOTOR,1985993.1119717658,"[-0.006902913545485385, 0.0046019423636569235, 0.5698738626995157, -0.006135923151542565, -0.01227184630308513, 0.49573210768220616]","[0.0, 0.0, 0.0, 0.0, 0.0, 0.0]","[0.0, 0.0, 0.365024, 0.0, 0.022814, 0.0]"
STATE_MOTOR,2006057.4669623747,"[-0.006902913545485385, 0.0046019423636569235, 0.5698738626995157, -0.006135923151542565, -0.01227184630308513, 0.49573210768220616]","[0.0, 0.0, 0.0, 0.0, 0.0, 0.0]","[0.0, 0.0, 0.34221, 0.022814, 0.022814, 0.022814]"
STATE_MOTOR,2026149.932993576,"[-0.006902913545485385, 0.0046019423636569235, 0.5698738626995157, -0.006135923151542565, -0.01227184630308513, 0.49573210768220616]","[0.0, 0.0, 0.0, 0.0, 0.0, 0.0]","[0.022814, 0.0, 0.45628, 0.0, 0.022814, 0.022814]"
STATE_MOTOR,2046208.4379978478,"[-0.006902913545485385, 0.0046019423636569235, 0.5698738626995157, -0.006135923151542565, -0.01227184630308513, 0.49573210768220616]","[0.0, 0.0, 0.0, 0.0, 0.0, 0.0]","[0.0, 0.0, 0.319396, 0.0, 0.022814, 0.022814]"
STATE_MOTOR,2066269.7879597545,"[-0.006902913545485385, 0.0046019423636569235, 0.5698738626995157, -0.006135923151542565, -0.01227184630308513, 0.49573210768220616]","[0.0, 0.0, 0.0, 0.0, 0.0, 0.0]","[0.022814, 0.0, 0.433466, 0.022814, 0.022814, 0.022814]"
STATE_MOTOR,2086327.2119313478,"[-0.006902913545485385, 0.0046019423636569235, 0.5698738626995157, -0.006135923151542565, -0.01227184630308513, 0.49573210768220616]","[0.0, 0.0, 0.0, 0.0, 0.0, 0.0]","[0.022814, 0.0, 0.319396, 0.022814, 0.0, 0.022814]"
STATE_MOTOR,2106383.1039937213,"[-0.006902913545485385, 0.0046019423636569235, 0.5698738626995157, -0.006135923151542565, -0.01227184630308513, 0.49573210768220616]","[0.0, 0.0, 0.0, 0.0, 0.0, 0.0]","[0.022814, 0.0, 0.34221, 0.022814, 0.022814, 0.0]"
STATE_MOTOR,2126445.8259101957,"[-0.006902913545485385, 0.0046019423636569235, 0.5698738626995157, -0.006135923151542565, -0.01227184630308513, 0.49573210768220616]","[0.0, 0.0, 0.0, 0.0, 0.0, 0.0]","[0.022814, 0.022814, 0.479094, 0.022814, 0.022814, 0.022814]"
STATE_MOTOR,2146504.572010599,"[-0.006902913545485385, 0.0046019423636569235, 0.5698738626995157, -0.006135923151542565, -0.01227184630308513, 0.49573210768220616]","[0.0, 0.0, 0.0, 0.0, 0.0, 0.0]","[0.0, 0.022814, 0.387838, 0.022814, 0.022814, 0.0]"
STATE_MOTOR,2166562.2260188684,"[-0.006902913545485385, 0.0046019423636569235, 0.5698738626995157, -0.006135923151542565, -0.01227184630308513, 0.49573210768220616]","[0.0, 0.0, 0.0, 0.0, 0.0, 0.0]","[0.022814, 0.0, 0.479094, 0.022814, 0.022814, 0.0]"
STATE_MOTOR,2186618.5989929363,"[-0.006902913545485385, 0.0046019423636569235, 0.5698738626995157, -0.006135923151542565, -0.01227184630308513, 0.49573210768220616]","[0.0, 0.0, 0.0, 0.0, 0.0, 0.0]","[0.045628, 0.0, 0.479094, 0.022814, 0.022814, 0.022814]"
STATE_MOTOR,2206675.4120169207,"[-0.006902913545485385, 0.0046019423636569235, 0.5698738626995157, -0.006135923151542565, -0.01227184630308513, 0.49573210768220616]","[0.0, 0.0, 0.0, 0.0, 0.0, 0.0]","[0.022814, 0.0, 0.479094, 0.0, 0.022814, 0.0]"
STATE_MOTOR,2226740.62801525,"[-0.006902913545485385, 0.0046019423636569235, 0.5698738626995157, -0.006135923151542565, -0.01227184630308513, 0.49573210768220616]","[0.0, 0.0, 0.0, 0.0, 0.0, 0.0]","[0.022814, 0.0, 0.365024, 0.022814, 0.022814, 0.022814]"
STATE_MOTOR,2246800.2350069582,"[-0.006902913545485385, 0.0046019423636569235, 0.5698738626995157, -0.006135923151542565, -0.01227184630308513, 0.49573210768220616]","[0.0, 0.0, 0.0, 0.0, 0.0, 0.0]","[0.045628, 0.0, 0.365024, 0.022814, 0.022814, 0.0]"
STATE_MOTOR,2266858.530929312,"[-0.006902913545485385, 0.0046019423636569235, 0.5698738626995157, -0.006135923151542565, -0.01227184630308513, 0.49573210768220616]","[0.0, 0.0, 0.0, 0.0, 0.0, 0.0]","[0.022814, 0.0, 0.34221, 0.022814, 0.022814, 0.022814]"
STATE_MOTOR,2286915.6940141693,"[-0.006902913545485385, 0.0046019423636569235, 0.5698738626995157, -0.006135923151542565, -0.01227184630308513, 0.49573210768220616]","[0.0, 0.0, 0.0, 0.0, 0.0, 0.0]","[0.022814, 0.0, 0.319396, 0.0, 0.022814, 0.0]"
STATE_MOTOR,2306974.0089122206,"[-0.003834951969714103, 0.0046019423636569235, 0.5698738626995157, -0.006135923151542565, -0.01227184630308513, 0.49573210768220616]","[0.07669903939428206, 0.0, 0.0, 0.0, 0.0, 0.0]","[0.045628, 0.0, 0.433466, 0.0, 0.022814, 0.0]"
STATE_MOTOR,2327032.574918121,"[-0.0007669903939428206, 0.0046019423636569235, 0.5698738626995157, -0.006135923151542565, -0.01227184630308513, 0.49573210768220616]","[0.07669903939428206, 0.0, 0.0, 0.0, 0.0, 0.0]","[0.045628, 0.0, 0.410652, 0.0, 0.022814, 0.022814]"
STATE_MOTOR,2347091.300995089,"[0.0023009711818284618, 0.0046019423636569235, 0.5698738626995157, -0.006135923151542565, -0.01227184630308513, 0.49573210768220616]","[0.15339807878856412, 0.0, 0.0, 0.0, 0.0, 0.0]","[0.022814, 0.0, 0.319396, 0.022814, 0.022814, 0.022814]"
STATE_MOTOR,2367149.1959830746,"[0.008436894333371026, 0.007669903939428206, 0.5698738626995157, -0.006135923151542565, -0.01227184630308513, 0.49573210768220616]","[0.23009711818284617, 0.15339807878856412, 0.0, 0.0, 0.0, 0.0]","[0.022814, 0.022814, 0.479094, 0.022814, 0.0, 0.0]"
STATE_MOTOR,2387204.937986098,"[0.013038836697027949, 0.009203884727313847, 0.5698738626995157, -0.006135923151542565, -0.01227184630308513, 0.49573210768220616]","[0.30679615757712825, 0.07669903939428206, 0.0, 0.0, 0.0, 0.0]","[0.022814, 0.0, 0.365024, 0.022814, 0.045628, 0.022814]"
STATE_MOTOR,2407264.4249536097,"[0.017640779060684873, 0.009203884727313847, 0.5698738626995157, -0.006135923151542565, -0.01227184630308513, 0.49573210768220616]","[0.15339807878856412, 0.0, 0.0, 0.0, 0.0, 0.0]","[0.022814, 0.0, 0.501908, 0.022814, 0.022814, 0.022814]"
STATE_MOTOR,2427320.0259776786,"[0.020708740636456155, 0.010737865515199488, 0.5698738626995157, -0.006135923151542565, -0.01227184630308513, 0.49573210768220616]","[0.23009711818284617, 0.07669903939428206, 0.0, 0.0, 0.0, 0.0]","[0.022814, 0.022814, 0.433466, 0.0, 0.022814, 0.0]"
STATE_MOTOR,2447375.737945549,"[0.02531068300011308, 0.010737865515199488, 0.5698738626995157, -0.006135923151542565, -0.01227184630308513, 0.49573210768220616]","[0.23009711818284617, 0.0, 0.0, 0.0, 0.0, 0.0]","[0.022814, 0.0, 0.365024, 0.022814, 0.022814, 0.022814]"
STATE_MOTOR,2467433.8629702106,"[0.028378644575884363, 0.010737865515199488, 0.5698738626995157, -0.006135923151542565, -0.01227184630308513, 0.49573210768220616]","[0.15339807878856412, 0.0, 0.0, 0.0, 0.0, 0.0]","[0.022814, 0.022814, 0.365024, 0.0, 0.045628, 0.022814]"
STATE_MOTOR,2487491.9779831544,"[0.03144660615165564, 0.010737865515199488, 0.5698738626995157, -0.006135923151542565, -0.01227184630308513, 0.49573210768220616]","[0.15339807878856412, 0.0, 0.0, 0.0, 0.0, 0.0]","[0.022814, 0.0, 0.319396, 0.0, 0.022814, 0.0]"
STATE_MOTOR,2507552.716997452,"[0.032980586939541284, 0.009203884727313847, 0.5698738626995157, -0.006135923151542565, -0.01227184630308513, 0.49573210768220616]","[0.15339807878856412, -0.07669903939428206, 0.0, 0.0, 0.0, 0.0]","[0.022814, 0.0, 0.319396, 0.022814, 0.022814, 0.0]"
STATE_MOTOR,2527613.0349375308,"[0.03604854851531257, 0.009203884727313847, 0.5698738626995157, -0.006135923151542565, -0.01227184630308513, 0.49573210768220616]","[0.07669903939428206, 0.0, 0.0, 0.0, 0.0, 0.0]","[0.022814, 0.0, 0.410652, 0.0, 0.045628, 0.022814]"
STATE_MOTOR,2547668.0459687486,"[0.037582529303198206, 0.010737865515199488, 0.5698738626995157, -0.006135923151542565, -0.01227184630308513, 0.49573210768220616]","[0.15339807878856412, 0.07669903939428206, 0.0, 0.0, 0.0, 0.0]","[0.022814, 0.0, 0.365024, 0.045628, 0.022814, 0.022814]"
STATE_MOTOR,2567725.389963016,"[0.04065049087896949, 0.01380582709097077, 0.5698738626995157, -0.006135923151542565, -0.01227184630308513, 0.49573210768220616]","[0.15339807878856412, 0.07669903939428206, 0.0, 0.0, 0.0, 0.0]","[0.045628, 0.0, 0.319396, 0.022814, 0.022814, 0.022814]"
STATE_MOTOR,2587780.2199684083,"[0.045252433242626414, 0.015339807878856412, 0.5698738626995157, -0.006135923151542565, -0.01227184630308513, 0.49573210768220616]","[0.15339807878856412, 0.15339807878856412, 0.0, 0.0, 0.0, 0.0]","[0.045628, 0.0, 0.319396, 0.022814, 0.022814, 0.022814]"
STATE_MOTOR,2607840.1380218565,"[0.05138835639416898, 0.018407769454627694, 0.5698738626995157, -0.006135923151542565, -0.01227184630308513, 0.49573210768220616]","[0.23009711818284617, 0.07669903939428206, 0.0, 0.0, 0.0, 0.0]","[0.045628, 0.0, 0.45628, 0.022814, 0.022814, 0.0]"
STATE_MOTOR,2627899.0539722145,"[0.0559902987578259, 0.018407769454627694, 0.5698738626995157, -0.006135923151542565, -0.01227184630308513, 0.49573210768220616]","[0.23009711818284617, 0.07669903939428206, 0.0, 0.0, 0.0, 0.0]","[0.022814, 0.022814, 0.365024, 0.0, 0.022814, 0.022814]"
STATE_MOTOR,2647955.856984481,"[0.0636602026972541, 0.018407769454627694, 0.5698738626995157, -0.006135923151542565, -0.01227184630308513, 0.49573210768220616]","[0.30679615757712825, 0.0, 0.0, 0.0, 0.0, 0.0]","[0.045628, 0.0, 0.45628, 0.0, 0.022814, 0.022814]"
STATE_MOTOR,2668021.9339905307,"[0.06979612584879667, 0.018407769454627694, 0.5698738626995157, -0.006135923151542565, -0.01227184630308513, 0.49573210768220616]","[0.30679615757712825, 0.0, 0.0, 0.0, 0.0, 0.0]","[0.045628, 0.0, 0.45628, 0.022814, 0.022814, 0.022814]"
STATE_MOTOR,2688079.2679730803,"[0.0743980682124536, 0.018407769454627694, 0.5698738626995157, -0.006135923151542565, -0.01227184630308513, 0.49573210768220616]","[0.30679615757712825, 0.0, 0.0, 0.0, 0.0, 0.0]","[0.045628, 0.0, 0.479094, 0.022814, 0.022814, 0.022814]"
STATE_MOTOR,2708138.7349171564,"[0.08053399136399617, 0.018407769454627694, 0.5698738626995157, -0.006135923151542565, -0.01227184630308513, 0.49573210768220616]","[0.30679615757712825, 0.0, 0.0, 0.0, 0.0, 0.0]","[0.022814, 0.0, 0.365024, 0.022814, 0.022814, 0.022814]"
STATE_MOTOR,2728203.359991312,"[0.08666991451553872, 0.019941750242513333, 0.5698738626995157, -0.006135923151542565, -0.01227184630308513, 0.49573210768220616]","[0.30679615757712825, 0.0, 0.0, 0.0, 0.0, 0.0]","[0.022814, 0.0, 0.365024, 0.0, 0.022814, 0.022814]"
STATE_MOTOR,2748261.565924622,"[0.0928058376670813, 0.021475731030398976, 0.5698738626995157, -0.006135923151542565, -0.01227184630308513, 0.49573210768220616]","[0.23009711818284617, 0.07669903939428206, 0.0, 0.0, 0.0, 0.0]","[0.045628, 0.0, 0.365024, 0.0, 0.022814, 0.022814]"
STATE_MOTOR,2768318.7789516523,"[0.09740778003073822, 0.02454369260617026, 0.5698738626995157, -0.006135923151542565, -0.01227184630308513, 0.49573210768220616]","[0.30679615757712825, 0.15339807878856412, 0.0, 0.0, 0.0, 0.0]","[0.022814, 0.0, 0.34221, 0.022814, 0.022814, 0.022814]"
STATE_MOTOR,2788374.9220054597,"[0.10200972239439514, 0.026077673394055898, 0.5698738626995157, -0.006135923151542565, -0.01227184630308513, 0.49573210768220616]","[0.23009711818284617, 0.07669903939428206, 0.0, 0.0, 0.0, 0.0]","[0.045628, 0.0, 0.34221, 0.022814, 0.045628, 0.022814]"
STATE_MOTOR,2808435.3499580175,"[0.10661166475805206, 0.02761165418194154, 0.5698738626995157, -0.006135923151542565, -0.01227184630308513, 0.49573210768220616]","[0.23009711818284617, 0.15339807878856412, 0.0, 0.0, 0.0, 0.0]","[0.022814, 0.022814, 0.319396, 0.0, 0.022814, 0.022814]"
STATE_MOTOR,2828493.705019355,"[0.11121360712170898, 0.02761165418194154, 0.5698738626995157, -0.006135923151542565, -0.01227184630308513, 0.49573210768220616]","[0.23009711818284617, 0.0, 0.0, 0.0, 0.0, 0.0]","[0.045628, 0.0, 0.365024, 0.0, 0.022814, 0.022814]"
STATE_MOTOR,2848549.817921594,"[0.11888351106113719, 0.02761165418194154, 0.5698738626995157, -0.006135923151542565, -0.01227184630308513, 0.49573210768220616]","[0.30679615757712825, 0.0, 0.0, 0.0, 0.0, 0.0]","[0.045628, 0.0, 0.34221, 0.022814, 0.022814, 0.022814]"
STATE_MOTOR,2868608.7739188224,"[0.12501943421267975, 0.02761165418194154, 0.5698738626995157, -0.006135923151542565, -0.01227184630308513, 0.49573210768220616]","[0.30679615757712825, 0.0, 0.0, 0.0, 0.0, 0.0]","[0.068442, 0.0, 0.45628, 0.0, 0.022814, 0.022814]"
STATE_MOTOR,2888666.0479474813,"[0.13268933815210796, 0.030679615757712823, 0.5698738626995157, -0.006135923151542565, -0.01227184630308513, 0.49573210768220616]","[0.38349519697141027, 0.07669903939428206, 0.0, 0.0, 0.0, 0.0]","[0.022814, 0.0, 0.365024, 0.0, 0.022814, 0.0]"
STATE_MOTOR,2908730.5819848552,"[0.14035924209153616, 0.032213596545598466, 0.5698738626995157, -0.006135923151542565, -0.01227184630308513, 0.49573210768220616]","[0.30679615757712825, 0.07669903939428206, 0.0, 0.0, 0.0, 0.0]","[0.068442, 0.0, 0.365024, 0.0, 0.022814, 0.022814]"
STATE_MOTOR,2928790.480014868,"[0.14802914603096437, 0.035281558121369745, 0.5698738626995157, -0.006135923151542565, -0.01227184630308513, 0.49573210768220616]","[0.38349519697141027, 0.15339807878856412, 0.0, 0.0, 0.0, 0.0]","[0.045628, 0.0, 0.387838, 0.022814, 0.022814, 0.022814]"
STATE_MOTOR,2948849.5369441807,"[0.15569904997039258, 0.03681553890925539, 0.5698738626995157, -0.006135923151542565, -0.01227184630308513, 0.49573210768220616]","[0.38349519697141027, 0.07669903939428206, 0.0, 0.0, 0.0, 0.0]","[0.045628, 0.022814, 0.45628, 0.0, 0.022814, 0.022814]"
STATE_MOTOR,2968906.770925969,"[0.16183497312193515, 0.03834951969714103, 0.5714078434874014, -0.006135923151542565, -0.01227184630308513, 0.49573210768220616]","[0.30679615757712825, 0.07669903939428206, 0.0, 0.0, 0.0, 0.0]","[0.068442, 0.0, 0.387838, 0.0, 0.022814, 0.022814]"
STATE_MOTOR,2988964.744959958,"[0.171038857849249, 0.03834951969714103, 0.5714078434874014, -0.006135923151542565, -0.01227184630308513, 0.49573210768220616]","[0.46019423636569234, 0.07669903939428206, 0.07669903939428206, 0.0, 0.0, 0.0]","[0.045628, 0.0, 0.365024, 0.022814, 0.022814, 0.022814]"
STATE_MOTOR,3009021.649020724,"[0.1787087617886772, 0.03834951969714103, 0.5714078434874014, -0.006135923151542565, -0.01227184630308513, 0.49573210768220616]","[0.38349519697141027, 0.0, 0.0, 0.0, 0.0, 0.0]","[0.022814, 0.0, 0.479094, 0.0, 0.022814, 0.022814]"
STATE_MOTOR,3029104.9809893593,"[0.1863786657281054, 0.03681553890925539, 0.5714078434874014, -0.006135923151542565, -0.01227184630308513, 0.49573210768220616]","[0.38349519697141027, 0.0, 0.0, 0.0, 0.0, 0.0]","[0.022814, 0.0, 0.365024, 0.022814, 0.022814, 0.0]"
STATE_MOTOR,3049162.5759750605,"[0.19558255045541925, 0.03681553890925539, 0.5698738626995157, -0.006135923151542565, -0.01227184630308513, 0.49573210768220616]","[0.46019423636569234, -0.07669903939428206, 0.0, 0.0, 0.0, 0.0]","[0.045628, 0.0, 0.319396, 0.0, 0.0, 0.022814]"
STATE_MOTOR,3069220.2399950475,"[0.20325245439484746, 0.03988350048502667, 0.5698738626995157, -0.006135923151542565, -0.01227184630308513, 0.49573210768220616]","[0.38349519697141027, 0.07669903939428206, -0.07669903939428206, 0.0, 0.0, 0.0]","[0.022814, 0.0, 0.319396, 0.022814, 0.022814, 0.022814]"
